%YAML:1.0
---
model_type: PINHOLE
camera_name: pinhole
image_width: 1280
image_height: 720
distortion_parameters:
   k1: -2.9662897425759410e-05
   k2: 8.0086363972822136e-05
   p1: 8.5563916893844196e-05
   p2: 2.8095629450873029e-05
projection_parameters:
   fx: 699.01605224609375000
   fy: 700.39270019531250000
   cx: 643.08001708984375000
   cy: 350.35864257812500000
