0.999972045 -0.001505260 -0.007331367 -0.000582901 0.001479349 0.999992609 -0.003538437 -0.000456441 0.007336639 0.003527492 0.999966860 0.059537575
0.999937534 -0.001398441 -0.011088257 -0.001294642 0.001342947 0.999986470 -0.005010571 -0.000617688 0.011095116 0.004995369 0.999925852 0.090355307
0.999872565 -0.000122034 -0.015964987 -0.002056731 0.000031359 0.999983788 -0.005679719 -0.000737436 0.015965424 0.005678494 0.999856412 0.122113936
0.999797404 -0.001041296 -0.020103941 -0.003173450 0.000924521 0.999982536 -0.005816982 -0.001127191 0.020109653 0.005797217 0.999780953 0.154415935
0.999693930 0.000627699 -0.024732428 -0.004101401 -0.000795022 0.999976873 -0.006756057 -0.001788379 0.024727613 0.006773653 0.999671221 0.187261522
0.999559283 0.003400256 -0.029491326 -0.005558127 -0.003627052 0.999964237 -0.007640168 -0.001959889 0.029464291 0.007743767 0.999535739 0.220646113
0.999417543 0.003995171 -0.033891939 -0.006906982 -0.004214148 0.999970734 -0.006392067 -0.001996690 0.033865415 0.006531171 0.999405026 0.255119145
0.999268174 0.003008079 -0.038133461 -0.008359524 -0.003106828 0.999991953 -0.002530559 -0.003152214 0.038125545 0.002647182 0.999269426 0.290009916
0.999131262 0.002908632 -0.041571580 -0.010115807 -0.002939814 0.999995530 -0.000688973 -0.002980683 0.041569382 0.000810588 0.999135256 0.324933738
0.999029040 0.004391762 -0.043837305 -0.012296307 -0.004450671 0.999989331 -0.001246297 -0.003454924 0.043831363 0.001440192 0.999037921 0.360413969
0.998939276 0.003729980 -0.045894671 -0.014192432 -0.003802288 0.999991596 -0.001488312 -0.003745866 0.045888737 0.001661238 0.998945117 0.395797819
0.998870611 0.001024326 -0.047499001 -0.015940016 -0.001096419 0.999998271 -0.001491747 -0.004292665 0.047497395 0.001542142 0.998870075 0.431999952
0.998739123 0.000270233 -0.050200123 -0.017434523 -0.000325437 0.999999285 -0.001091510 -0.004292492 0.050199781 0.001106470 0.998738527 0.469260544
0.998676419 -0.001341497 -0.051416337 -0.019477462 0.001266779 0.999998152 -0.001485767 -0.004573136 0.051418222 0.001418667 0.998676121 0.506289363
0.998552620 0.001209570 -0.053769886 -0.021548685 -0.001404204 0.999992490 -0.003582115 -0.005111446 0.053765140 0.003652434 0.998546898 0.543847561
0.998482883 0.001467019 -0.055044454 -0.023852754 -0.001803694 0.999979973 -0.006067238 -0.005598911 0.055034444 0.006157317 0.998465419 0.581564069
0.998381793 0.005462387 -0.056603543 -0.026560096 -0.005920765 0.999951005 -0.007933518 -0.006039271 0.056557443 0.008255816 0.998365164 0.619354427
0.998244286 0.005719396 -0.058954332 -0.028094593 -0.006177496 0.999952078 -0.007591099 -0.006425945 0.058908086 0.007941960 0.998231769 0.658761382
0.998235047 0.005629273 -0.059117768 -0.031314678 -0.005997044 0.999963760 -0.006045416 -0.007190270 0.059081592 0.006389278 0.998232663 0.696704447
0.998170078 0.006256686 -0.060143813 -0.034212053 -0.006524281 0.999969661 -0.004253884 -0.007831853 0.060115367 0.004638494 0.998180568 0.736052334
0.998099267 0.005663418 -0.061364811 -0.036532298 -0.005970014 0.999970615 -0.004814086 -0.008054301 0.061335739 0.005171284 0.998103738 0.775149643
0.997979105 0.005518118 -0.063301861 -0.038899720 -0.005864615 0.999968827 -0.005289224 -0.008828659 0.063270703 0.005649777 0.997980356 0.814587295
0.997909188 0.003850639 -0.064516559 -0.041347787 -0.004264606 0.999971211 -0.006279966 -0.009291363 0.064490512 0.006541974 0.997896850 0.854165256
0.997895360 0.004140889 -0.064712994 -0.044367317 -0.004383606 0.999983847 -0.003609126 -0.010377208 0.064696997 0.003885206 0.997897327 0.894045472
0.997883379 0.005359435 -0.064807750 -0.046955492 -0.005450651 0.999984384 -0.001230759 -0.010218579 0.064800136 0.001581398 0.997896969 0.934439242
0.997907519 0.006126209 -0.064366885 -0.049775146 -0.006004573 0.999979734 0.002083010 -0.010306862 0.064378329 -0.001692156 0.997924089 0.974686027
0.998060048 0.005016058 -0.062055834 -0.052540783 -0.004674647 0.999973059 0.005645640 -0.010988590 0.062082484 -0.005344599 0.998056710 1.015143156
0.998163700 0.005469753 -0.060326602 -0.055419724 -0.005101741 0.999967396 0.006252677 -0.011259427 0.060358841 -0.005933425 0.998159051 1.056051493
0.998227179 0.005959682 -0.059218518 -0.057726145 -0.005767447 0.999977469 0.003416581 -0.011495186 0.059237555 -0.003068984 0.998239219 1.096516371
0.998282850 0.006600780 -0.058204442 -0.060090166 -0.006668958 0.999977291 -0.000977173 -0.012108560 0.058196671 0.001363658 0.998304188 1.138215184
0.998355269 0.005775850 -0.057038184 -0.062445339 -0.006037993 0.999972045 -0.004424674 -0.012167731 0.057011027 0.004761792 0.998362184 1.179747581
0.998414338 0.003292595 -0.056195173 -0.065012552 -0.003468002 0.999989390 -0.003024141 -0.012799591 0.056184623 0.003214231 0.998415172 1.221415281
0.998397112 0.001600242 -0.056572452 -0.067077115 -0.001523264 0.999997795 0.001403797 -0.012876491 0.056574572 -0.001315373 0.998397470 1.263566852
0.998368859 -0.001769827 -0.057067767 -0.069759622 0.002056680 0.999985516 0.004968192 -0.013353431 0.057058148 -0.005077458 0.998357952 1.305685997
0.998291552 -0.008118170 -0.057864323 -0.072143383 0.008338341 0.999958813 0.003564510 -0.013261037 0.057833001 -0.004040912 0.998318076 1.348243594
0.998170257 -0.010810398 -0.059491385 -0.074334331 0.010850738 0.999941051 0.000355089 -0.013998250 0.059484031 -0.000999965 0.998228669 1.390565515
0.998092234 -0.010456355 -0.060848903 -0.077444710 0.010250339 0.999940574 -0.003696884 -0.014439530 0.060883947 0.003066110 0.998140037 1.433470726
0.997953713 -0.009574858 -0.063218728 -0.079762794 0.009314576 0.999946892 -0.004410599 -0.014771795 0.063257597 0.003812718 0.997989833 1.476310849
0.997905552 -0.009266324 -0.064020693 -0.082893543 0.009075399 0.999953508 -0.003272418 -0.015374909 0.064048015 0.002684550 0.997943163 1.519389033
0.997872472 -0.006285781 -0.064891189 -0.086182058 0.006278924 0.999980211 -0.000309560 -0.015924940 0.064891838 -0.000098545 0.997892261 1.562560678
0.997747123 -0.006044882 -0.066815585 -0.088772535 0.006141697 0.999980271 0.001243655 -0.016534131 0.066806763 -0.001651214 0.997764528 1.607007027
0.997695148 -0.004651499 -0.067695722 -0.091734014 0.004902581 0.999981582 0.003543325 -0.016792012 0.067678019 -0.003867042 0.997699678 1.650063396
0.997686446 -0.004973496 -0.067800619 -0.094694369 0.005425116 0.999964297 0.006478520 -0.016956693 0.067765981 -0.006831360 0.997677803 1.693802714
0.997704566 0.001317138 -0.067704469 -0.098684072 -0.000748536 0.999964237 0.008422983 -0.017070137 0.067713134 -0.008352971 0.997669816 1.737065196
0.997669160 0.000987046 -0.068230182 -0.101508893 -0.000441340 0.999967813 0.008012629 -0.017410599 0.068235889 -0.007963841 0.997637331 1.780507088
0.997689188 0.000277765 -0.067942850 -0.104885042 0.000167461 0.999978483 0.006547154 -0.017605130 0.067943186 -0.006543402 0.997667670 1.823951006
0.997717679 0.003370410 -0.067439556 -0.108075961 -0.003081255 0.999985576 0.004391165 -0.018042509 0.067453362 -0.004173344 0.997713625 1.866454840
0.997591972 0.002601583 -0.069307752 -0.110723644 -0.002325323 0.999989033 0.004066358 -0.018059269 0.069317572 -0.003895404 0.997586906 1.910063148
0.997560382 0.000987956 -0.069801643 -0.114060201 -0.000643986 0.999987543 0.004950149 -0.018293653 0.069805659 -0.004893123 0.997548521 1.952564120
0.997477293 0.001432115 -0.070971698 -0.117120095 -0.000966924 0.999977767 0.006588528 -0.019030221 0.070979536 -0.006503284 0.997456551 1.995425940
0.997451127 0.003753172 -0.071255133 -0.120458655 -0.003540609 0.999988854 0.003109188 -0.019575596 0.071266003 -0.002848977 0.997453213 2.037428141
0.997423232 0.004474550 -0.071601525 -0.124040574 -0.004572894 0.999988794 -0.001209636 -0.019998610 0.071595304 0.001533945 0.997432530 2.079081297
0.997305930 0.004987330 -0.073185496 -0.126516283 -0.005195973 0.999982893 -0.002660744 -0.020100927 0.073170997 0.003033846 0.997314811 2.121638298
0.997327447 0.004122010 -0.072945796 -0.129718602 -0.004066537 0.999991238 0.000908974 -0.020787915 0.072948918 -0.000609907 0.997335434 2.163570404
0.997299910 0.001936697 -0.073411673 -0.132770270 -0.001646012 0.999990582 0.004019954 -0.021313041 0.073418774 -0.003888263 0.997293532 2.205622196
0.997270226 -0.000144132 -0.073838092 -0.135976627 0.000492957 0.999988914 0.004705980 -0.021756463 0.073836595 -0.004729532 0.997259080 2.247401476
0.997253418 -0.003459231 -0.073983841 -0.138717011 0.003735350 0.999986529 0.003594114 -0.022376373 0.073970430 -0.003860598 0.997252941 2.288711071
0.997216046 -0.006084563 -0.074316718 -0.141835317 0.006266970 0.999977827 0.002221521 -0.022652693 0.074301563 -0.002681077 0.997232258 2.329715014
0.997137904 -0.008063746 -0.075172819 -0.144885466 0.008378156 0.999957323 0.003868056 -0.023409046 0.075138412 -0.004486794 0.997162998 2.370763779
0.997049272 -0.011211858 -0.075940669 -0.148206055 0.011820679 0.999901354 0.007572282 -0.023441618 0.075848259 -0.008447610 0.997083545 2.411730528
0.996935964 -0.011724472 -0.077339135 -0.150674358 0.012738117 0.999839127 0.012626211 -0.023544312 0.077178650 -0.013572680 0.996924937 2.453134537
0.996912479 -0.010474028 -0.077819459 -0.154186055 0.011668069 0.999820828 0.014904916 -0.023813512 0.077649400 -0.015766900 0.996856034 2.494183779
0.996839404 -0.008579904 -0.078977942 -0.157791659 0.009490091 0.999892712 0.011156457 -0.024275722 0.078873746 -0.011870705 0.996813834 2.533878088
0.996799171 -0.007873950 -0.079557791 -0.161964923 0.008190695 0.999959707 0.003655778 -0.024306707 0.079525813 -0.004295712 0.996823490 2.573245287
0.996697247 -0.005849175 -0.080997035 -0.164622977 0.005754996 0.999982417 -0.001396136 -0.024856487 0.081003778 0.000925387 0.996713340 2.613812685
0.996673822 -0.000640599 -0.081493288 -0.168545440 0.000558097 0.999999285 -0.001035143 -0.024977760 0.081493884 0.000986219 0.996673346 2.652260303
0.996564031 0.001573175 -0.082812324 -0.172028840 -0.001439154 0.999997556 0.001678034 -0.025780896 0.082814768 -0.001553089 0.996563733 2.690655947
0.996461034 0.004541439 -0.083934471 -0.175389528 -0.004290759 0.999985754 0.003166765 -0.026544441 0.083947666 -0.002795415 0.996466279 2.729587317
0.996360898 0.004623919 -0.085108943 -0.178394392 -0.004377806 0.999985635 0.003078144 -0.026934396 0.085121959 -0.002694351 0.996366978 2.765763044
0.996224701 0.007635572 -0.086475633 -0.181932449 -0.007384536 0.999967575 0.003222476 -0.027213790 0.086497426 -0.002571728 0.996248782 2.802796602
0.996103108 0.008064414 -0.087827295 -0.185737833 -0.007707804 0.999960542 0.004398756 -0.027852748 0.087859310 -0.003704657 0.996125996 2.840449810
0.995950758 0.006119474 -0.089692801 -0.188487798 -0.005654973 0.999969184 0.005432023 -0.028467692 0.089723289 -0.004902816 0.995954633 2.875025749
0.995869637 0.006985645 -0.090525694 -0.192120671 -0.006460210 0.999960423 0.006095958 -0.028586404 0.090564713 -0.005485963 0.995875418 2.909700394
0.995718181 0.010345399 -0.091859847 -0.195289344 -0.009610067 0.999918103 0.008443646 -0.028860461 0.091939673 -0.007524713 0.995736122 2.944133759
0.995554030 0.011556551 -0.093480535 -0.198809475 -0.010380826 0.999860883 0.013053726 -0.029283699 0.093618363 -0.012025285 0.995535493 2.980407953
0.995345235 0.015126736 -0.095179431 -0.201966256 -0.013759250 0.999792695 0.015007425 -0.029919956 0.095386706 -0.013627972 0.995346904 3.013903618
0.995190382 0.017785897 -0.096331730 -0.205549747 -0.016795499 0.999797523 0.011082287 -0.030412078 0.096509330 -0.009411044 0.995287538 3.045212746
0.995095015 0.017564317 -0.097353771 -0.209560737 -0.017328452 0.999844491 0.003267837 -0.030181956 0.097396046 -0.001564817 0.995244563 3.077558994
0.994960785 0.016337752 -0.098925315 -0.212259203 -0.016721956 0.999855578 -0.003055841 -0.029976111 0.098861113 0.004694667 0.995090187 3.108097076
0.994958520 0.017189778 -0.098803803 -0.216019064 -0.017669447 0.999835908 -0.003981710 -0.030482402 0.098719165 0.005707445 0.995098948 3.137191296
0.994744956 0.020538069 -0.100303635 -0.218255669 -0.020582391 0.999787927 0.000593090 -0.031840365 0.100294553 0.001474516 0.994956672 3.166831255
0.994572580 0.020567786 -0.101991974 -0.221562341 -0.020454358 0.999788463 0.002157957 -0.032051645 0.102014780 -0.000060065 0.994782865 3.196433544
0.994582474 0.017358746 -0.102491744 -0.224770710 -0.017557155 0.999845386 -0.001033986 -0.032494523 0.102457955 0.002827848 0.994733274 3.223157883
0.994723439 0.009043539 -0.102193192 -0.227314651 -0.009704964 0.999935031 -0.005976937 -0.033415452 0.102132499 0.006937180 0.994746625 3.249347925
0.994844615 0.005167967 -0.101278573 -0.229418457 -0.006331950 0.999917507 -0.011174782 -0.033379637 0.101212457 0.011758463 0.994795382 3.275105953
0.995110452 0.007560683 -0.098478027 -0.232153699 -0.008740176 0.999895036 -0.011551293 -0.033956733 0.098380357 0.012355529 0.995072186 3.300895929
0.995493710 0.012340205 -0.094020180 -0.234921843 -0.013198623 0.999876618 -0.008513746 -0.034619447 0.093903512 0.009716320 0.995533824 3.325219631
0.995944500 0.010722896 -0.089327231 -0.236957163 -0.011240849 0.999922693 -0.005297311 -0.035094269 0.089263514 0.006279942 0.995988190 3.348794222
0.996454358 0.007472232 -0.083802961 -0.238415033 -0.007586364 0.999970555 -0.001043534 -0.035713200 0.083792709 0.001675593 0.996481836 3.372398853
0.997083306 0.002806593 -0.076268800 -0.239350200 -0.002633132 0.999993682 0.002374796 -0.036302771 0.076274984 -0.002167044 0.997084439 3.396089792
0.997795820 0.006651328 -0.066023797 -0.240224093 -0.006530872 0.999976635 0.002040102 -0.036571085 0.066035815 -0.001604413 0.997815907 3.418080807
0.998676598 0.011788034 -0.050060052 -0.242122233 -0.011710008 0.999929667 0.001851660 -0.037142899 0.050078355 -0.001263006 0.998744428 3.439612865
0.999345064 0.017032828 -0.031928536 -0.242871851 -0.016969129 0.999853432 0.002264964 -0.037306041 0.031962425 -0.001721682 0.999487579 3.461098909
0.999834359 0.015476423 -0.009591609 -0.242641091 -0.015453044 0.999877453 0.002506852 -0.037429199 0.009629231 -0.002358217 0.999950826 3.481766701
0.999786913 0.011969494 0.016822938 -0.241299644 -0.012021190 0.999923289 0.002975191 -0.037406541 -0.016786035 -0.003176789 0.999854028 3.501781940
0.998888671 0.010891376 0.045854472 -0.239220574 -0.011128980 0.999925852 0.004929603 -0.038014486 -0.045797382 -0.005434438 0.998935878 3.521581411
0.996782660 0.010464708 0.079466254 -0.237041205 -0.010961641 0.999922872 0.005819715 -0.038033850 -0.079399228 -0.006672071 0.996820509 3.541066885
0.993096113 0.010341387 0.116845876 -0.233643889 -0.011197821 0.999915004 0.006675517 -0.038512498 -0.116766915 -0.007937849 0.993127525 3.559637547
0.987361014 0.010245295 0.158155724 -0.229690254 -0.011452170 0.999911785 0.006721464 -0.038843282 -0.158072859 -0.008447737 0.987391233 3.577758789
0.978997886 0.009893953 0.203630120 -0.225173652 -0.011504406 0.999911129 0.006726493 -0.039141133 -0.203545481 -0.008927866 0.979024708 3.595396996
0.967492104 0.012337402 0.252600133 -0.219507515 -0.013966631 0.999891579 0.004657728 -0.039467175 -0.252515286 -0.008034288 0.967559576 3.612477541
0.952203214 0.013464168 0.305168450 -0.212587118 -0.014764972 0.999889076 0.001954920 -0.040003553 -0.305108279 -0.006367284 0.952296257 3.629035711
0.932702243 0.013933951 0.360378146 -0.204689860 -0.014755412 0.999890983 -0.000471799 -0.040214665 -0.360345393 -0.004877479 0.932806075 3.644503117
0.908490837 0.013985351 0.417670667 -0.196508050 -0.014333173 0.999894559 -0.002304020 -0.040421322 -0.417658836 -0.003893364 0.908595502 3.659044981
0.879475057 0.014391462 0.475727290 -0.186862588 -0.013984409 0.999892473 -0.004395325 -0.040718362 -0.475739419 -0.002787187 0.879581809 3.673850060
0.845989048 0.013072389 0.533039927 -0.176735878 -0.011294048 0.999914467 -0.006597308 -0.041025449 -0.533080518 -0.000438928 0.846064270 3.686933517
0.808753133 0.013496621 0.587993383 -0.165785551 -0.010119392 0.999908030 -0.009032907 -0.040924791 -0.588061273 0.001355256 0.808815181 3.699580669
0.769775987 0.011138993 0.638216913 -0.153057814 -0.009043842 0.999937713 -0.006544119 -0.042114258 -0.638249934 -0.000734428 0.769828737 3.711190224
0.727214813 0.010601619 0.686328113 -0.140455842 -0.010530541 0.999935448 -0.004287988 -0.042537868 -0.686329007 -0.004109117 0.727279365 3.722033501
0.681830585 0.009772772 0.731444776 -0.127216458 -0.009141436 0.999946535 -0.004838828 -0.042589352 -0.731452763 -0.003387193 0.681883514 3.732260942
0.635719359 0.008335034 0.771875322 -0.113195300 -0.006105501 0.999964833 -0.005769525 -0.043071035 -0.771896064 -0.001044887 0.635747790 3.740925789
0.589145482 0.005944915 0.808005154 -0.098665595 0.000056279 0.999972582 -0.007398355 -0.043134235 -0.808026910 0.004404181 0.589129031 3.748929262
0.543333232 0.007942371 0.839479506 -0.084337831 -0.001848737 0.999964178 -0.008264174 -0.043735027 -0.839514971 0.002938225 0.543328524 3.755743027
0.494452536 0.010885579 0.869136393 -0.069391012 -0.006278490 0.999940217 -0.008952003 -0.044240195 -0.869181931 -0.001030523 0.494491249 3.763813257
0.449226618 0.012740111 0.893326998 -0.054514527 -0.007425278 0.999917030 -0.010526290 -0.044943400 -0.893387020 -0.001904512 0.449283868 3.769595146
0.406387746 0.010526338 0.913640141 -0.038755536 -0.000038711 0.999933839 -0.011503337 -0.045016013 -0.913700700 0.004639446 0.406361192 3.774753332
0.366914749 0.002709220 0.930250585 -0.021991849 0.014974473 0.999848962 -0.008818234 -0.045321912 -0.930133879 0.017165553 0.366818815 3.779122353
0.331155330 -0.000181287 0.943576276 -0.006041765 0.018949017 0.999799550 -0.006458215 -0.045219947 -0.943385899 0.020018512 0.331092387 3.783234119
0.298388958 0.003443949 0.954438210 0.010514855 0.016326321 0.999828756 -0.008711884 -0.045810722 -0.954304636 0.018181993 0.298281699 3.787345886
0.267096907 0.010949410 0.963607490 0.027851701 0.005538102 0.999901414 -0.012896894 -0.046379827 -0.963653743 0.008781277 0.267009944 3.792296648
0.238519505 0.014629688 0.971027553 0.045085490 0.001567268 0.999879301 -0.015449354 -0.047188167 -0.971136451 0.005206833 0.238467798 3.796174765
0.212841213 0.016956670 0.976939619 0.063157260 0.002371281 0.999837518 -0.017870728 -0.047776304 -0.977083921 0.006120226 0.212766424 3.799355507
0.188822880 0.019016530 0.981827021 0.081312776 0.009150531 0.999735057 -0.021123193 -0.048179351 -0.981968522 0.012972780 0.188598856 3.801851034
0.169226587 0.024587493 0.985270381 0.100005627 0.016421122 0.999479711 -0.027762521 -0.048312329 -0.985440373 0.020877404 0.168734774 3.803838968
0.149697229 0.031340033 0.988235056 0.119626820 0.019174935 0.999217451 -0.034592938 -0.048285902 -0.988545835 0.024127811 0.148979113 3.806065321
0.131358847 0.031815767 0.990824223 0.139866054 0.016796973 0.999269962 -0.034313824 -0.048986550 -0.991192520 0.021150270 0.130728513 3.808852196
0.116419055 0.027711622 0.992813528 0.160720140 0.014659881 0.999453783 -0.029616011 -0.050015584 -0.993091941 0.018002398 0.115949228 3.810932875
0.100880168 0.024590496 0.994594634 0.181743085 0.015420513 0.999535620 -0.026276745 -0.050814465 -0.994779050 0.017987963 0.100454144 3.813248873
0.088906176 0.022098012 0.995794833 0.204093516 0.017379886 0.999567151 -0.023733433 -0.051698703 -0.995888293 0.019416850 0.088483639 3.814154387
0.077370577 0.021538505 0.996769786 0.226284623 0.020989995 0.999509811 -0.023226984 -0.052282225 -0.996781349 0.022719279 0.076880574 3.815119028
0.067280084 0.021860220 0.997494638 0.250309497 0.024421399 0.999424219 -0.023549715 -0.053060040 -0.997435272 0.025944637 0.066707484 3.816443682
0.059707198 0.022673078 0.997958481 0.274163306 0.026024230 0.999366760 -0.024262089 -0.053596273 -0.997876585 0.027419718 0.059079338 3.817304373
0.053904600 0.022784643 0.998286188 0.299594700 0.027717678 0.999320269 -0.024304926 -0.054484524 -0.998161197 0.028980322 0.053236432 3.818676233
0.048724625 0.024650726 0.998507977 0.325588167 0.030066706 0.999206185 -0.026135139 -0.054696519 -0.998359561 0.031295277 0.047944784 3.819463730
0.042251658 0.024272827 0.998812079 0.352158308 0.029219408 0.999247193 -0.025519440 -0.056109026 -0.998679578 0.030262941 0.041510619 3.820764303
0.038134906 0.024011726 0.998984039 0.379473150 0.032064412 0.999167025 -0.025240136 -0.056980871 -0.998757958 0.032994367 0.037333217 3.821505308
0.034936473 0.024639083 0.999085724 0.408174485 0.033365373 0.999109924 -0.025806416 -0.057582892 -0.998832464 0.034236450 0.034083288 3.822471142
0.032754436 0.023733329 0.999181628 0.437597930 0.034672491 0.999089301 -0.024867749 -0.058728050 -0.998861730 0.035458643 0.031901713 3.822954893
0.029272828 0.023058174 0.999305606 0.466755211 0.036340337 0.999048412 -0.024116769 -0.059653252 -0.998910606 0.037021067 0.028407034 3.824300528
0.029061994 0.022569042 0.999322832 0.498144805 0.041283090 0.998864949 -0.023759283 -0.060703032 -0.998724759 0.041945621 0.028097285 3.824600935
0.029733840 0.022509458 0.999304354 0.529205024 0.044034284 0.998746276 -0.023807110 -0.061355893 -0.998587370 0.044711526 0.028705377 3.825376034
0.031936608 0.021970006 0.999248445 0.561532080 0.046107285 0.998661637 -0.023430726 -0.062829308 -0.998425722 0.046820927 0.030880887 3.826751232
0.036138553 0.022422154 0.999095142 0.594689071 0.047998682 0.998555541 -0.024146218 -0.063218750 -0.998193443 0.048827864 0.035010118 3.827613592
0.040598162 0.021741273 0.998938978 0.628609478 0.049173646 0.998508215 -0.023730379 -0.064148992 -0.997964680 0.050084874 0.039468508 3.828685522
0.044349808 0.019995188 0.998815894 0.662241757 0.050210848 0.998491406 -0.022218175 -0.065279923 -0.997753322 0.051136766 0.043278936 3.830585241
0.048260875 0.018567972 0.998662174 0.698354959 0.050067171 0.998525202 -0.020984953 -0.066139564 -0.997579038 0.051012937 0.047260061 3.832749605
0.052481096 0.016613340 0.998483717 0.734395683 0.047184199 0.998703539 -0.019097038 -0.066966750 -0.997506499 0.048114885 0.051629182 3.834475279
0.056465901 0.015888751 0.998278022 0.770986557 0.046346996 0.998753667 -0.018517859 -0.067573264 -0.997328103 0.047312822 0.055659138 3.837029457
0.060120422 0.016888153 0.998048246 0.807667971 0.043669250 0.998855054 -0.019532356 -0.068604849 -0.997235358 0.044758309 0.059314098 3.840040445
0.063652605 0.020917315 0.997752905 0.843053460 0.042209573 0.998829246 -0.023632683 -0.069362178 -0.997079015 0.043619011 0.062695175 3.841999531
0.065132283 0.025694305 0.997545779 0.881734192 0.035156745 0.998988748 -0.028026942 -0.071671054 -0.997257173 0.036895923 0.064163089 3.844768286
0.064800143 0.028596340 0.997488379 0.919344187 0.032444198 0.999000430 -0.030747373 -0.073135518 -0.997370720 0.034355141 0.063807592 3.847481012
0.065347873 0.028609822 0.997452378 0.957658291 0.030284408 0.999071598 -0.030640343 -0.074184597 -0.997402966 0.032209542 0.064420782 3.849974632
0.064666994 0.026430206 0.997556865 0.993898153 0.027316691 0.999227703 -0.028245291 -0.076019637 -0.997532904 0.029076489 0.063895062 3.853381395
0.064285159 0.025296884 0.997610986 1.032050490 0.028682891 0.999218881 -0.027185954 -0.077382267 -0.997519255 0.030362017 0.063509360 3.856405020
0.064719655 0.024316829 0.997607231 1.069806457 0.025689753 0.999331117 -0.026025472 -0.079224601 -0.997572720 0.027312638 0.064051665 3.858846426
0.064975008 0.024787044 0.997578859 1.105982542 0.024065843 0.999361753 -0.026398811 -0.080551341 -0.997596681 0.025722839 0.064337008 3.861331940
0.064932674 0.025277168 0.997569382 1.143475056 0.021012379 0.999422789 -0.026691843 -0.082137614 -0.997668326 0.022694478 0.064364053 3.863882065
0.063511811 0.026343351 0.997633278 1.181032658 0.018053979 0.999457598 -0.027540881 -0.083837420 -0.997817755 0.019760422 0.063001744 3.866898060
0.060608096 0.026276702 0.997815669 1.217220545 0.014378753 0.999526680 -0.027195135 -0.085145749 -0.998058021 0.015995596 0.060201585 3.869437218
0.057231445 0.025412485 0.998037398 1.254615903 0.012507363 0.999579191 -0.026168965 -0.086179048 -0.998282552 0.013980506 0.056889519 3.871526718
0.052862141 0.022973701 0.998337507 1.292109370 0.010182085 0.999670863 -0.023543529 -0.087757960 -0.998549819 0.011409719 0.052610833 3.873248816
0.046594001 0.020014213 0.998713374 1.327384949 0.007299485 0.999765694 -0.020375857 -0.089894138 -0.998887241 0.008239485 0.046436992 3.874562025
0.039145414 0.019972824 0.999033928 1.364306927 0.007288254 0.999767900 -0.020273078 -0.091417879 -0.999207020 0.008074809 0.038990758 3.876001358
0.030986663 0.021121554 0.999296606 1.401776195 0.007729473 0.999741673 -0.021370642 -0.092681602 -0.999489844 0.008386241 0.030815402 3.876482725
0.020324837 0.021573415 0.999560595 1.437312961 0.007498867 0.999735713 -0.021729672 -0.093878269 -0.999765337 0.007937223 0.020157691 3.877975941
0.010517723 0.020792238 0.999728441 1.474548697 0.009297863 0.999738514 -0.020890266 -0.095066056 -0.999901533 0.009515055 0.010321647 3.877534866
-0.000650201 0.019808220 0.999803662 1.509949446 0.007378400 0.999776721 -0.019802891 -0.096527554 -0.999972582 0.007364076 -0.000796209 3.878162622
-0.011523440 0.018842516 0.999756038 1.546349168 0.008357712 0.999789357 -0.018746810 -0.097731814 -0.999898732 0.008139644 -0.011678490 3.877293348
-0.023071259 0.019375164 0.999545991 1.582913518 0.008527359 0.999779582 -0.019182868 -0.099003531 -0.999697506 0.008080916 -0.023231396 3.876827717
-0.033705831 0.020117756 0.999229193 1.617890000 0.009365864 0.999759734 -0.019812509 -0.099933922 -0.999387860 0.008690849 -0.033886161 3.875401497
-0.043647382 0.020920519 0.998827994 1.652785063 0.008654744 0.999751091 -0.020561656 -0.101206452 -0.999009490 0.007747137 -0.043817587 3.872952461
-0.055131435 0.021796016 0.998241186 1.688104033 0.008534266 0.999735355 -0.021357311 -0.102543801 -0.998442590 0.007341794 -0.055302873 3.872163773
-0.064367667 0.023132510 0.997658014 1.724297285 0.010650896 0.999690235 -0.022492450 -0.103296109 -0.997869372 0.009178166 -0.064594105 3.869909048
-0.073962621 0.023075527 0.996994078 1.758322358 0.011331674 0.999687135 -0.022297213 -0.104779281 -0.997196555 0.009648452 -0.074200973 3.867092371
-0.083918475 0.023904128 0.996185839 1.792509317 0.012271179 0.999661148 -0.022953801 -0.105776176 -0.996397018 0.010298127 -0.084183380 3.864952803
-0.092215359 0.023677988 0.995457470 1.826967359 0.013556738 0.999654412 -0.022521976 -0.106739119 -0.995646775 0.011418283 -0.092504479 3.861459732
-0.099576205 0.022575743 0.994773746 1.858851671 0.014454830 0.999669909 -0.021239938 -0.108023033 -0.994924903 0.012264294 -0.099869654 3.857773066
-0.105717637 0.020839108 0.994177699 1.893956900 0.017382838 0.999666274 -0.019105718 -0.109140277 -0.994244158 0.015261821 -0.106044598 3.855178118
-0.108275473 0.019310780 0.993933380 1.925278664 0.021507354 0.999622762 -0.017078383 -0.110325456 -0.993888199 0.019527707 -0.108649954 3.850437641
-0.111341380 0.018331643 0.993613243 1.957713842 0.023704045 0.999594331 -0.015785791 -0.111463316 -0.993499458 0.021795038 -0.111730762 3.847301006
-0.113196395 0.017136503 0.993424952 1.988819838 0.023490742 0.999617875 -0.014566664 -0.112707764 -0.993294835 0.021687392 -0.113555692 3.843810558
-0.113705389 0.017879270 0.993353546 2.018846989 0.024280010 0.999589384 -0.015212268 -0.113250621 -0.993217766 0.022388918 -0.114092804 3.840196848
-0.112868547 0.018717417 0.993433535 2.048677206 0.024644393 0.999567628 -0.016033027 -0.114482298 -0.993304193 0.022672942 -0.113281012 3.836845160
-0.109692499 0.020665968 0.993750691 2.077466488 0.026253292 0.999495208 -0.017887535 -0.115069263 -0.993618727 0.024127100 -0.110179685 3.833717823
-0.104332440 0.020843308 0.994323909 2.103717089 0.026049724 0.999494612 -0.018218346 -0.116340071 -0.994201243 0.024001101 -0.104822658 3.830331087
-0.096345134 0.021974878 0.995105267 2.130559921 0.026153211 0.999467015 -0.019539068 -0.116858438 -0.995004296 0.024142707 -0.096868478 3.827981949
-0.085265614 0.021668436 0.996122599 2.156975985 0.024726715 0.999501586 -0.019625390 -0.118194520 -0.996051431 0.022957467 -0.085758887 3.826409817
-0.071330778 0.022173898 0.997206211 2.182235718 0.024147924 0.999498188 -0.020497551 -0.118963659 -0.997160375 0.022618353 -0.071830437 3.824500561
-0.054527178 0.023420773 0.998237610 2.206067562 0.023263492 0.999483228 -0.022179268 -0.120059773 -0.998241246 0.022013118 -0.055043858 3.824051142
-0.032771077 0.025593130 0.999135137 2.229400396 0.021049194 0.999467969 -0.024911257 -0.121026255 -0.999241292 0.020214617 -0.033292353 3.823501825
-0.008221284 0.028565053 0.999558091 2.253744602 0.019670144 0.999403059 -0.028398838 -0.122355469 -0.999772727 0.019427978 -0.008778252 3.824274063
0.019979332 0.030738940 0.999327660 2.276985407 0.017525934 0.999362946 -0.031090414 -0.123005398 -0.999646723 0.018135317 0.019427871 3.825746059
0.053489652 0.030035252 0.998116612 2.300001383 0.014828783 0.999413490 -0.030868966 -0.124407589 -0.998458207 0.016452026 0.053012889 3.827442169
0.092195570 0.028048174 0.995345771 2.322376490 0.015347709 0.999444425 -0.029585280 -0.124979466 -0.995622635 0.018003909 0.091713876 3.829646349
0.134158507 0.023722753 0.990675926 2.344201803 0.011959712 0.999601841 -0.025556095 -0.126328409 -0.990887702 0.015276765 0.133821368 3.834170341
0.179813772 0.019936474 0.983498633 2.366430998 0.010351079 0.999700844 -0.022157403 -0.126620412 -0.983646274 0.014164477 0.179553628 3.838992834
0.228370026 0.016646644 0.973432124 2.388891697 0.006034848 0.999810457 -0.018513529 -0.127680600 -0.973555684 0.010102448 0.228226244 3.845515966
0.279581070 0.014291886 0.960015774 2.409462452 0.000629681 0.999886155 -0.015068825 -0.129045978 -0.960121810 0.004817462 0.279540271 3.853195190
0.334339529 0.013650328 0.942353845 2.430434704 -0.000859871 0.999899030 -0.014178814 -0.129851162 -0.942452312 0.003930236 0.334317505 3.861948967
0.391473323 0.014517658 0.920074821 2.449432611 0.001817324 0.999861300 -0.016549822 -0.130370319 -0.920187593 0.008150890 0.391392678 3.871880293
0.451538444 0.018225402 0.892065525 2.468142509 0.003661314 0.999745071 -0.022278603 -0.130679429 -0.892244101 0.013325781 0.451356530 3.882613659
0.510208905 0.022057895 0.859767616 2.485061646 0.004107120 0.999597073 -0.028082592 -0.131218925 -0.860040724 0.017859155 0.509912729 3.894996881
0.566278100 0.027175650 0.823766112 2.500836372 -0.000358123 0.999464214 -0.032725669 -0.131628036 -0.824214101 0.018236818 0.565984547 3.909353733
0.623852193 0.030261850 0.780956268 2.516759872 -0.004360412 0.999369264 -0.035242077 -0.132021666 -0.781530142 0.018580552 0.623590648 3.923205376
0.676501930 0.031784661 0.735754669 2.531648397 -0.006962161 0.999299526 -0.036768354 -0.132879138 -0.736407876 0.019751415 0.676249325 3.939419270
0.725130796 0.029102478 0.687995970 2.544710875 -0.006685683 0.999356925 -0.035226621 -0.133759066 -0.688578606 0.020944184 0.724859059 3.955588579
0.770161390 0.025272779 0.637348413 2.557439089 -0.008758130 0.999539495 -0.029051574 -0.134870291 -0.637789071 0.016792411 0.770027995 3.974296093
0.811158895 0.020045148 0.584482193 2.567231655 -0.008685517 0.999715209 -0.022231817 -0.135323107 -0.584761262 0.012957007 0.811101913 3.991440058
0.847441614 0.017822914 0.530589283 2.577784538 -0.011096892 0.999812603 -0.015860859 -0.135817647 -0.530772567 0.007553259 0.847480536 4.012415409
0.878333747 0.013116343 0.477868110 2.586473942 -0.010537532 0.999911785 -0.008076950 -0.136634663 -0.477931827 0.002058708 0.878394485 4.032867908
0.904514909 0.014327141 0.426201046 2.593475580 -0.014558443 0.999890327 -0.002715243 -0.136982605 -0.426193088 -0.003748845 0.904624403 4.050768375
0.924766481 0.015967170 0.380199850 2.600675344 -0.017591076 0.999844909 0.000796800 -0.137382716 -0.380128175 -0.007424979 0.924904048 4.072764397
0.940012574 0.021937527 0.340433598 2.606764078 -0.024419695 0.999697268 0.003007734 -0.137427524 -0.340264499 -0.011140591 0.940263808 4.095524788
0.951873183 0.025782246 0.305405885 2.611233950 -0.027891889 0.999607623 0.002545497 -0.137580574 -0.305220366 -0.010941334 0.952218950 4.114681244
0.960928857 0.028991284 0.275273293 2.616438627 -0.030756842 0.999524713 0.002098381 -0.137367174 -0.275081575 -0.010482931 0.961363673 4.137534618
0.967244744 0.022894537 0.252811193 2.622865677 -0.024345960 0.999700189 0.002613910 -0.137609273 -0.252675563 -0.008683221 0.967512071 4.161388874
0.971316874 0.019282442 0.237005994 2.628622055 -0.020543996 0.999784827 0.002854073 -0.137605950 -0.236899942 -0.007641258 0.971503913 4.185915947
0.974109471 0.023106048 0.224892884 2.633325577 -0.024286106 0.999702036 0.002481891 -0.137671605 -0.224768519 -0.007879404 0.974380255 4.211271286
0.976310432 0.028934730 0.214431226 2.636587620 -0.030419122 0.999530613 0.003625220 -0.137970656 -0.214225680 -0.010062152 0.976732314 4.229428768
0.977267742 0.036468264 0.208848581 2.641111851 -0.037708592 0.999286711 0.001959015 -0.137752086 -0.208628178 -0.009789868 0.977946043 4.255394459
0.977674067 0.042850610 0.205711558 2.645374775 -0.043572973 0.999049723 -0.001019533 -0.138476238 -0.205559716 -0.007966693 0.978612065 4.278735638
0.977705419 0.043892395 0.205342665 2.650741577 -0.044094440 0.999020815 -0.003594248 -0.138844192 -0.205299333 -0.005540350 0.978683591 4.305338383
0.977132738 0.043515716 0.208129644 2.656541348 -0.043034896 0.999050021 -0.006839860 -0.139667600 -0.208229557 -0.002273386 0.978077352 4.332681179
0.976495504 0.041485082 0.211508080 2.661774635 -0.039474629 0.999126494 -0.013720725 -0.139507234 -0.211892501 0.005049021 0.977279902 4.356819630
0.975596786 0.041898921 0.215535566 2.668335915 -0.038839821 0.999075890 -0.018410860 -0.139796048 -0.216107741 0.009590209 0.976322353 4.384726524
0.974432349 0.046304446 0.219857886 2.673862457 -0.043369967 0.998894036 -0.018157804 -0.140250027 -0.220455498 0.008158322 0.975362837 4.411284924
0.972944260 0.049547490 0.225664675 2.680374861 -0.047546674 0.998766661 -0.014296059 -0.140652508 -0.226094693 0.003179662 0.974100053 4.440992355
0.971961975 0.046814710 0.230430558 2.686801434 -0.045850892 0.998902619 -0.009538746 -0.141456783 -0.230624288 -0.001294148 0.973041952 4.468552589
0.971223354 0.042447083 0.234357774 2.694851637 -0.042763587 0.999078155 -0.003733497 -0.142078489 -0.234300241 -0.006395919 0.972143233 4.500418186
0.970487416 0.039943039 0.237820789 2.701737881 -0.041326333 0.999145329 0.000831661 -0.142519683 -0.237584278 -0.010635378 0.971308708 4.527976990
0.969972134 0.035103124 0.240669340 2.709914923 -0.036337487 0.999339223 0.000691491 -0.142331526 -0.240486011 -0.009416045 0.970606863 4.560021877
0.969911814 0.032057513 0.241336554 2.716980934 -0.032579124 0.999467492 -0.001829660 -0.143068686 -0.241266713 -0.006087925 0.970439672 4.588781834
0.969985604 0.031492587 0.241114244 2.725058556 -0.030216733 0.999502957 -0.008988033 -0.143487498 -0.241277441 0.001432579 0.970455110 4.621827126
0.970162630 0.033763867 0.240092531 2.732245922 -0.030983942 0.999402046 -0.015344990 -0.144033492 -0.240467101 0.007448121 0.970628679 4.651314259
0.970664740 0.037004825 0.237572670 2.739996910 -0.033361286 0.999256134 -0.019340118 -0.144385174 -0.238111660 0.010847040 0.971177220 4.685731411
0.971439958 0.034740143 0.234728515 2.747870445 -0.032130104 0.999372065 -0.014935796 -0.144795433 -0.235099986 0.006967378 0.971946180 4.716794014
0.971848726 0.030951859 0.233563721 2.756395340 -0.030055117 0.999520838 -0.007398410 -0.145565361 -0.233680770 0.000170348 0.972313404 4.752714634
0.972442329 0.031102670 0.231059492 2.764941216 -0.031598546 0.999499440 -0.001555156 -0.146248862 -0.230992198 -0.005788845 0.972938359 4.789592266
0.972650111 0.035016000 0.229620770 2.771477699 -0.035513174 0.999367237 -0.001968252 -0.146851599 -0.229544386 -0.006240143 0.973278105 4.819934368
0.972869754 0.040378414 0.227803007 2.779258251 -0.039896373 0.999181092 -0.006722402 -0.147300437 -0.227887928 -0.002548492 0.973684072 4.857247353
0.973803818 0.041536912 0.223563924 2.788064957 -0.039747410 0.999131560 -0.012500492 -0.147268757 -0.223889023 0.003286940 0.974609077 4.895128250
0.974760056 0.040177867 0.219609797 2.794813633 -0.037840351 0.999173462 -0.014841775 -0.148317486 -0.220024586 0.006157058 0.975474775 4.925957203
0.975738585 0.037841655 0.215643793 2.803332567 -0.035847407 0.999270618 -0.013152989 -0.149100423 -0.215984255 0.005103608 0.976383448 4.965042591
0.976569235 0.034112662 0.212482661 2.812162399 -0.032461680 0.999409616 -0.011254752 -0.149854973 -0.212741137 0.004093500 0.977100015 5.005734444
0.977014542 0.032810509 0.210632637 2.818944931 -0.031712089 0.999460101 -0.008591375 -0.150173515 -0.210800841 0.001714296 0.977527499 5.037294388
0.977340758 0.029628586 0.209588513 2.827537537 -0.028962484 0.999560952 -0.006247300 -0.150903374 -0.209681585 0.000035536 0.977769673 5.078007698
0.977578700 0.024879597 0.209095508 2.836340904 -0.024373030 0.999690413 -0.004999327 -0.151519552 -0.209155157 -0.000209055 0.977882445 5.118755341
0.977752984 0.025083996 0.208254993 2.845623493 -0.024863571 0.999683976 -0.003676499 -0.151943833 -0.208281428 -0.001583256 0.978067636 5.160202980
0.977511287 0.030843539 0.208615229 2.851339579 -0.030438293 0.999523342 -0.005153318 -0.152615562 -0.208674774 -0.001312465 0.977984130 5.189780235
0.977212548 0.036391262 0.209120363 2.859330893 -0.035422117 0.999337316 -0.008378956 -0.153222561 -0.209286720 0.000780534 0.977853954 5.231072903
0.976815283 0.044706292 0.209363461 2.868426800 -0.043556850 0.998999894 -0.010100048 -0.153896809 -0.209605619 0.000746669 0.977785707 5.272614956
0.975747406 0.051208634 0.212825194 2.876637936 -0.050261166 0.998687446 -0.009863567 -0.154299095 -0.213050961 -0.001072492 0.977040529 5.315720081
0.974897265 0.053646721 0.216095820 2.882838964 -0.053290289 0.998551011 -0.007480172 -0.155486718 -0.216183990 -0.004223409 0.976343513 5.347182274
0.974284410 0.054522827 0.218625769 2.892071486 -0.054048274 0.998504996 -0.008155124 -0.156379491 -0.218743593 -0.003870937 0.975774705 5.389449120
0.974005878 0.052441373 0.220368713 2.901570797 -0.051214863 0.998623848 -0.011279431 -0.157005787 -0.220656991 -0.000299921 0.975351453 5.430963993
0.974040389 0.046737682 0.221496850 2.912257195 -0.045587603 0.998907149 -0.010304607 -0.157673016 -0.221736401 -0.000060409 0.975106657 5.474396706
0.974282265 0.039749641 0.221797392 2.919118166 -0.038213003 0.999206662 -0.011216778 -0.158797368 -0.222067311 0.002452762 0.975028157 5.504996300
0.974109650 0.038303152 0.222807854 2.929447412 -0.036692560 0.999261975 -0.011365419 -0.159765482 -0.223078787 0.002895773 0.974796057 5.547366619
0.973709464 0.040315513 0.224197358 2.939554214 -0.039291438 0.999186993 -0.009029026 -0.160253704 -0.224379107 -0.000017388 0.974501848 5.590160370
0.973165572 0.043529563 0.225950837 2.948876381 -0.043893032 0.999030411 -0.003417389 -0.160843015 -0.225880489 -0.006591982 0.974132657 5.633191109
0.972735286 0.046816122 0.227143556 2.954271317 -0.048385274 0.998827815 0.001341963 -0.161945075 -0.226814479 -0.012295779 0.973860323 5.662788868
0.972475529 0.045778375 0.228463247 2.963634491 -0.045796342 0.998937011 -0.005225729 -0.162911326 -0.228459626 -0.005380888 0.973538518 5.704686642
0.972841084 0.041375399 0.227746040 2.974046469 -0.037899476 0.999089003 -0.019616291 -0.163910896 -0.228350177 0.010452078 0.973522961 5.745724201
0.973185182 0.038635015 0.226754993 2.984349251 -0.033014759 0.999047577 -0.028527511 -0.164812565 -0.227641210 0.020276293 0.973533928 5.786960602
0.973390102 0.036652215 0.226204231 2.990706444 -0.033102531 0.999262333 -0.019466905 -0.165424883 -0.226750880 0.011460959 0.973885238 5.816384315
0.973723471 0.030409016 0.225694329 3.000333786 -0.031481739 0.999503672 0.001154613 -0.166342258 -0.225547165 -0.008229524 0.974197388 5.859244347
0.974100292 0.027223896 0.224472046 3.010613918 -0.031718537 0.999361575 0.016440865 -0.167515457 -0.223881155 -0.023134973 0.974341810 5.901680470
0.974014938 0.031852175 0.224232793 3.019332170 -0.035079010 0.999330223 0.010420587 -0.167840689 -0.223750651 -0.018015668 0.974479914 5.943528652
