1.000000000 -0.000000000 0.000000000 0.000000000 -0.000000000 1.000000000 0.000000000 -0.000000007 0.000000000 0.000000000 1.000000000 0.000000000
0.999997556 -0.001675615 -0.001434605 -0.002640684 0.001674331 0.999998212 -0.000895405 -0.008622569 0.001436103 0.000893001 0.999998569 0.563885331
0.999995530 -0.001789827 -0.002400026 -0.007984116 0.001783580 0.999994993 -0.002602619 -0.017393515 0.002404672 0.002598327 0.999993742 1.119541407
0.999986589 -0.002506942 -0.004532233 -0.009300353 0.002490789 0.999990523 -0.003566270 -0.035031527 0.004541131 0.003554933 0.999983370 1.684805393
0.999970436 -0.004335325 -0.006347402 -0.020516118 0.004299923 0.999975204 -0.005580456 -0.040875748 0.006371438 0.005552997 0.999964297 2.251497984
0.999947011 -0.007224455 -0.007330265 -0.035271760 0.007173088 0.999949634 -0.007009681 -0.065736450 0.007380538 0.006956730 0.999948561 2.798669100
0.999924898 -0.008491014 -0.008831182 -0.041970581 0.008424429 0.999935985 -0.007549982 -0.079435647 0.008894725 0.007475018 0.999932468 3.371523857
0.999912202 -0.008481647 -0.010182728 -0.053124275 0.008411261 0.999940574 -0.006935411 -0.091324583 0.010240948 0.006849152 0.999924123 3.954342365
0.999899209 -0.008822883 -0.011121368 -0.065563783 0.008741113 0.999934554 -0.007380075 -0.105655104 0.011185752 0.007282117 0.999910891 4.545287609
0.999888062 -0.008336186 -0.012424080 -0.074757278 0.008210205 0.999914706 -0.010156680 -0.119845837 0.012507687 0.010053538 0.999871194 5.138828754
0.999886096 -0.006639928 -0.013550918 -0.091380775 0.006451748 0.999882758 -0.013883671 -0.135844007 0.013641516 0.013794664 0.999811769 5.741648674
0.999873936 -0.005514249 -0.014886238 -0.106804326 0.005252895 0.999832392 -0.017539065 -0.148600072 0.014980457 0.017458659 0.999735355 6.355021954
0.999864340 -0.003384011 -0.016115814 -0.121420279 0.003099662 0.999839664 -0.017636437 -0.162203014 0.016172910 0.017584095 0.999714613 6.985131264
0.999848485 -0.001403227 -0.017349364 -0.135511428 0.001214697 0.999940157 -0.010872444 -0.169898391 0.017363580 0.010849724 0.999790370 7.627057076
0.999844670 -0.000306288 -0.017619513 -0.158793747 0.000302468 0.999999940 -0.000219424 -0.184122518 0.017619582 0.000214061 0.999844790 8.287706375
0.999824166 0.000413475 -0.018747678 -0.172303200 -0.000292912 0.999979258 0.006433141 -0.195039243 0.018749950 -0.006426517 0.999803603 8.972289085
0.999790370 0.002728749 -0.020293774 -0.188267395 -0.002619469 0.999981940 0.005409515 -0.210172310 0.020308172 -0.005355223 0.999779403 9.654559135
0.999772727 0.004758292 -0.020780640 -0.214075893 -0.004797466 0.999986827 -0.001835651 -0.215606868 0.020771634 0.001934928 0.999782383 10.345266342
0.999748290 0.004392112 -0.022003820 -0.232752532 -0.004562585 0.999960005 -0.007703226 -0.216033578 0.021969106 0.007801680 0.999728084 11.057125092
0.999726713 0.001970785 -0.023296088 -0.247900635 -0.002114490 0.999978960 -0.006145617 -0.217724547 0.023283485 0.006193195 0.999709666 11.796375275
0.999724507 0.001615211 -0.023413874 -0.272757679 -0.001540818 0.999993682 0.003194987 -0.232137665 0.023418890 -0.003158031 0.999720693 12.551017761
0.999717891 0.001147416 -0.023720421 -0.295077533 -0.000894158 0.999942541 0.010684660 -0.237373829 0.023731314 -0.010660436 0.999661565 13.325886726
0.999705136 0.000359734 -0.024283480 -0.319167554 -0.000040919 0.999913812 0.013128109 -0.239037812 0.024286112 -0.013123243 0.999618888 14.116571426
0.999698102 -0.001559091 -0.024522003 -0.337256819 0.001855502 0.999925375 0.012069455 -0.237430319 0.024501361 -0.012111313 0.999626398 14.921545982
0.999715865 -0.002084280 -0.023741204 -0.360134035 0.002316881 0.999949634 0.009774081 -0.240426600 0.023719633 -0.009826316 0.999670386 15.745200157
0.999731958 0.000642189 -0.023142137 -0.384887993 -0.000492695 0.999979019 0.006464929 -0.241623133 0.023145800 -0.006451797 0.999711275 16.582647324
0.999744654 -0.002708109 -0.022432253 -0.403916210 0.002722244 0.999996066 0.000599619 -0.242661461 0.022430541 -0.000660535 0.999748230 17.440439224
0.999750376 -0.005585665 -0.021629944 -0.422198206 0.005467824 0.999969900 -0.005503355 -0.253736794 0.021660032 0.005383709 0.999750972 18.309059143
0.999775887 -0.004308386 -0.020727858 -0.439280450 0.004080997 0.999931157 -0.011000000 -0.266620964 0.020773822 0.010912945 0.999724627 19.216077805
0.999787211 -0.003217095 -0.020378117 -0.465112031 0.002977049 0.999925971 -0.011798940 -0.281650275 0.020414567 0.011735762 0.999722719 20.121625900
0.999772489 -0.003069407 -0.021109898 -0.482680559 0.002831632 0.999932289 -0.011284343 -0.299235374 0.021143099 0.011221997 0.999713540 21.059625626
0.999778748 -0.001348378 -0.020994127 -0.511794329 0.001082722 0.999919236 -0.012660033 -0.323666483 0.021009497 0.012634498 0.999699533 21.999080658
0.999787629 0.001725426 -0.020536549 -0.534929335 -0.002026797 0.999890447 -0.014663110 -0.347855270 0.020509003 0.014701618 0.999681532 22.949386597
0.999767303 0.004960209 -0.020999100 -0.559017956 -0.005285948 0.999866128 -0.015485103 -0.370300114 0.020919483 0.015592499 0.999659538 23.914463043
0.999755621 0.006664133 -0.021082411 -0.586344659 -0.006989383 0.999857187 -0.015391661 -0.397347689 0.020976827 0.015535251 0.999659240 24.886045456
0.999750316 0.007732029 -0.020963985 -0.622387528 -0.008059447 0.999846101 -0.015578874 -0.422279298 0.020840302 0.015743943 0.999658823 25.869815826
0.999744296 0.007247983 -0.021417784 -0.639221728 -0.007584521 0.999848366 -0.015673740 -0.446641415 0.021300938 0.015832178 0.999647737 26.841903687
0.999721348 0.008934597 -0.021851540 -0.660416365 -0.009245860 0.999856532 -0.014185236 -0.486562967 0.021721670 0.014383319 0.999660611 27.886692047
0.999709666 0.009580122 -0.022110676 -0.687753260 -0.009847478 0.999879301 -0.012014734 -0.514520824 0.021992907 0.012228982 0.999683380 28.904109955
0.999696732 0.010151553 -0.022439817 -0.713799477 -0.010397014 0.999886990 -0.010849251 -0.541253448 0.022327147 0.011079267 0.999689341 29.922393799
0.999685764 0.010574417 -0.022731777 -0.737694085 -0.010847768 0.999869823 -0.011935579 -0.565030456 0.022602608 0.012178415 0.999670446 30.959186554
0.999680877 0.011389576 -0.022546297 -0.773698807 -0.011682894 0.999848247 -0.012920989 -0.597240806 0.022395715 0.013180273 0.999662340 31.983531952
0.999677002 0.010971077 -0.022924246 -0.802935064 -0.011247226 0.999865234 -0.011952143 -0.623791218 0.022790037 0.012206119 0.999665797 33.018722534
0.999668300 0.010769348 -0.023392972 -0.833980083 -0.010996633 0.999893308 -0.009609130 -0.645373106 0.023286995 0.009863187 0.999680221 34.074703217
0.999647856 0.010877365 -0.024202803 -0.864560843 -0.011019421 0.999922752 -0.005743807 -0.670619607 0.024138456 0.006008484 0.999690592 35.116889954
0.999639571 0.011212048 -0.024393352 -0.894435346 -0.011304403 0.999929428 -0.003651462 -0.691272855 0.024350688 0.003925897 0.999695778 36.213771820
0.999627948 0.011572718 -0.024698421 -0.928897858 -0.011654840 0.999927044 -0.003183642 -0.708630502 0.024659775 0.003470315 0.999689877 37.285385132
0.999615014 0.010805639 -0.025557237 -0.956388533 -0.010923184 0.999930322 -0.004464118 -0.732070625 0.025507221 0.004741567 0.999663413 38.373672485
0.999597549 0.011335600 -0.026004082 -0.995917916 -0.011471771 0.999921203 -0.005093233 -0.750198603 0.025944300 0.005389497 0.999648809 39.453792572
0.999588132 0.010814442 -0.026581835 -1.031224847 -0.010918030 0.999933362 -0.003754964 -0.776000142 0.026539452 0.004043640 0.999639630 40.542503357
0.999558568 0.011512289 -0.027388427 -1.067749381 -0.011572993 0.999930799 -0.002059007 -0.790371299 0.027362831 0.002375064 0.999622822 41.629154205
0.999557137 0.010873613 -0.027699862 -1.108404875 -0.010850837 0.999940634 0.000972319 -0.819512665 0.027708791 -0.000671322 0.999615908 42.723197937
0.999530852 0.012490813 -0.027965216 -1.152504802 -0.012476218 0.999921858 0.000696243 -0.839416862 0.027971733 -0.000347017 0.999608696 43.796596527
0.999489784 0.013587510 -0.028909734 -1.175555468 -0.013686305 0.999901235 -0.003222272 -0.862763524 0.028863098 0.003616296 0.999576867 44.886005402
0.999476314 0.014781914 -0.028784059 -1.215353370 -0.015000876 0.999860048 -0.007406108 -0.882162690 0.028670555 0.007834015 0.999558270 45.967967987
0.999471426 0.015176969 -0.028750457 -1.252994657 -0.015402269 0.999852300 -0.007631222 -0.906992674 0.028630393 0.008070011 0.999557555 47.049434662
0.999457955 0.015942881 -0.028800882 -1.290679574 -0.016091781 0.999858201 -0.004945642 -0.931540251 0.028717954 0.005406419 0.999572992 48.147823334
0.999455690 0.015970010 -0.028865276 -1.324518800 -0.016055278 0.999867320 -0.002724659 -0.957236409 0.028817931 0.003186616 0.999579608 49.261425018
0.999482870 0.014458834 -0.028721446 -1.361174345 -0.014508844 0.999893546 -0.001533509 -0.977964878 0.028696219 0.001949431 0.999586284 50.349529266
0.999487340 0.014461476 -0.028563924 -1.391766310 -0.014529850 0.999892056 -0.002187574 -1.002753139 0.028529206 0.002601482 0.999589622 51.439830780
0.999503672 0.013737496 -0.028350202 -1.434167743 -0.013861018 0.999895155 -0.004165068 -1.023031116 0.028290015 0.004555963 0.999589443 52.529518127
0.999516785 0.014069931 -0.027715612 -1.469234109 -0.014249986 0.999878526 -0.006309680 -1.051010847 0.027623473 0.006701579 0.999595940 53.608749390
0.999536753 0.013335671 -0.027355218 -1.504233837 -0.013586196 0.999867201 -0.008992900 -1.075752020 0.027231663 0.009360388 0.999585330 54.700336456
0.999567628 0.011828645 -0.026916573 -1.541149855 -0.012161843 0.999850929 -0.012249026 -1.108685970 0.026767675 0.012571085 0.999562621 55.785594940
0.999582887 0.009678717 -0.027214274 -1.562167048 -0.010053891 0.999855816 -0.013683026 -1.142623782 0.027077921 0.013950927 0.999535978 56.865497589
0.999596536 0.008165221 -0.027205912 -1.592310190 -0.008474154 0.999900639 -0.011259518 -1.174615383 0.027111273 0.011485523 0.999566436 57.952732086
0.999620616 0.007050056 -0.026628235 -1.629736066 -0.007188736 0.999961078 -0.005115811 -1.203829050 0.026591135 0.005305295 0.999632299 59.046623230
0.999637544 0.005161421 -0.026417555 -1.657004237 -0.005154728 0.999986649 0.000321465 -1.220926762 0.026418865 -0.000185173 0.999650955 60.150405884
0.999635816 0.003419792 -0.026764331 -1.682874322 -0.003397741 0.999993861 0.000869315 -1.237709165 0.026767140 -0.000778061 0.999641418 61.242660522
0.999649942 0.000298814 -0.026453650 -1.712181687 -0.000355683 0.999997616 -0.002145101 -1.255702853 0.026452947 0.002153759 0.999647737 62.333801270
0.999656677 -0.001116772 -0.026174553 -1.749908805 0.000979215 0.999985695 -0.005267593 -1.279011488 0.026180061 0.005240155 0.999643445 63.431800842
0.999653220 0.000936549 -0.026313176 -1.786618948 -0.001182559 0.999955773 -0.009335288 -1.304139376 0.026303265 0.009363169 0.999610126 64.519172668
0.999656081 0.001338170 -0.026187735 -1.819845915 -0.001698238 0.999904335 -0.013732088 -1.330729127 0.026166853 0.013771839 0.999562621 65.601356506
0.999674499 0.003953040 -0.025202708 -1.861073017 -0.004314283 0.999888599 -0.014295275 -1.360581517 0.025143392 0.014399355 0.999580145 66.707229614
0.999671042 0.008197552 -0.024302570 -1.904126763 -0.008457408 0.999907970 -0.010609182 -1.394475341 0.024213370 0.010811227 0.999648273 67.819824219
0.999670684 0.009543569 -0.023819217 -1.942804217 -0.009745190 0.999917567 -0.008362920 -1.422116756 0.023737442 0.008592290 0.999681234 68.910392761
0.999670327 0.008353570 -0.024276275 -1.965015173 -0.008539368 0.999934971 -0.007559952 -1.448086500 0.024211543 0.007764765 0.999676704 69.999282837
0.999673367 0.007518623 -0.024424635 -1.992407560 -0.007694138 0.999945164 -0.007100008 -1.473257184 0.024369916 0.007285616 0.999676466 71.128890991
0.999676406 0.006388590 -0.024622923 -2.021732330 -0.006518720 0.999965072 -0.005208268 -1.504740357 0.024588790 0.005367093 0.999683201 72.219566345
0.999672413 0.004727515 -0.025155326 -2.051206350 -0.004816011 0.999982357 -0.003458511 -1.526409864 0.025138535 0.003578526 0.999677598 73.318687439
0.999661922 0.003681991 -0.025738003 -2.085567713 -0.003729871 0.999991357 -0.001812528 -1.554929852 0.025731111 0.001907915 0.999667048 74.421310425
0.999656498 0.002955518 -0.026040494 -2.119506598 -0.003033385 0.999991000 -0.002951267 -1.580344677 0.026031543 0.003029244 0.999656558 75.509147644
0.999636531 0.002976515 -0.026802344 -2.151824236 -0.003159552 0.999972105 -0.006789367 -1.607218385 0.026781386 0.006871582 0.999617755 76.598701477
0.999606371 0.003533426 -0.027836235 -2.181329250 -0.003779036 0.999954462 -0.008775720 -1.632815003 0.027803954 0.008877460 0.999574065 77.675933838
0.999585450 0.005545825 -0.028252814 -2.221948624 -0.005748394 0.999958217 -0.007093719 -1.659497023 0.028212300 0.007253185 0.999575675 78.767807007
0.999560177 0.006793458 -0.028868293 -2.260275602 -0.006882467 0.999971747 -0.002985055 -1.679379940 0.028847203 0.003182427 0.999578774 79.841255188
0.999543011 0.007213269 -0.029357431 -2.298244953 -0.007179201 0.999973357 0.001265671 -1.709119678 0.029365782 -0.001054330 0.999568224 80.906829834
0.999526441 0.009317439 -0.029324051 -2.348504543 -0.009265486 0.999955177 0.001907076 -1.727684736 0.029340504 -0.001634471 0.999568164 82.007446289
0.999512732 0.008933938 -0.029907091 -2.387307644 -0.008940660 0.999960065 -0.000091061 -1.747010469 0.029905079 0.000358406 0.999552667 83.073287964
0.999494970 0.009208942 -0.030412130 -2.426596403 -0.009244177 0.999956667 -0.001018160 -1.765411377 0.030401437 0.001298781 0.999536991 84.139328003
0.999487102 0.008293821 -0.030930666 -2.461946726 -0.008334179 0.999964595 -0.001176041 -1.789837360 0.030919816 0.001433220 0.999520957 85.196868896
0.999466836 0.007169243 -0.031851906 -2.497540712 -0.007198379 0.999973774 -0.000800191 -1.810857415 0.031845335 0.001029046 0.999492288 86.229797363
0.999452710 0.006010259 -0.032527197 -2.532245636 -0.006000578 0.999981940 0.000395232 -1.830415726 0.032528989 -0.000199834 0.999470770 87.263534546
0.999430180 0.005943285 -0.033226259 -2.565148830 -0.005846449 0.999978364 0.003010798 -1.853854656 0.033243433 -0.002814827 0.999443352 88.273376465
0.999405384 0.005406304 -0.034052353 -2.603213310 -0.005273983 0.999978244 0.003974414 -1.873190403 0.034073092 -0.003792460 0.999412179 89.243263245
0.999333680 0.003621580 -0.036319725 -2.645061255 -0.003467564 0.999984682 0.004302652 -1.891621470 0.036334757 -0.004173843 0.999330997 90.222221375
0.999214530 0.002965151 -0.039519545 -2.689455271 -0.002826607 0.999989688 0.003561140 -1.916333079 0.039529700 -0.003446636 0.999212503 91.150596619
0.999066889 0.002736187 -0.043104723 -2.729179621 -0.002622876 0.999992967 0.002685075 -1.934556842 0.043111768 -0.002569511 0.999067008 92.066291809
0.998952270 0.002778049 -0.045681361 -2.784146786 -0.002630307 0.999991179 0.003293974 -1.952587843 0.045690112 -0.003170366 0.998950720 92.950294495
0.998769760 0.004340977 -0.049397841 -2.827452660 -0.004134532 0.999982238 0.004280663 -1.969889283 0.049415547 -0.004071158 0.998770058 93.840881348
0.998602927 0.004773044 -0.052623563 -2.878361225 -0.004499223 0.999975741 0.005320650 -1.987143040 0.052647680 -0.005076452 0.998600245 94.679885864
0.998454869 0.006318489 -0.055208169 -2.936797619 -0.005951959 0.999959111 0.006800927 -2.000330448 0.055248894 -0.006461822 0.998451650 95.486869812
0.998297215 0.007800282 -0.057808552 -2.989025354 -0.007387571 0.999945700 0.007349546 -2.013134956 0.057862747 -0.006909966 0.998300612 96.279907227
0.998122215 0.010258683 -0.060389388 -3.041370630 -0.009793125 0.999919891 0.008000178 -2.030157804 0.060466636 -0.007393754 0.998142838 97.038352966
0.997922361 0.011824047 -0.063332431 -3.093033552 -0.011410185 0.999911070 0.006892435 -2.048154354 0.063408308 -0.006155479 0.997968733 97.763458252
0.997771263 0.012605588 -0.065526158 -3.155935049 -0.012423809 0.999917686 0.003180878 -2.058329821 0.065560870 -0.002359704 0.997845829 98.471115112
0.997555733 0.015026326 -0.068241052 -3.209819794 -0.015093574 0.999885917 -0.000469937 -2.072766066 0.068226203 0.001498791 0.997668743 99.136352539
0.997393608 0.016744891 -0.070183702 -3.266341686 -0.017012795 0.999850035 -0.003221157 -2.086416483 0.070119239 0.004406783 0.997528970 99.782142639
0.997302830 0.018787146 -0.070952155 -3.320049763 -0.019125370 0.999808729 -0.004090513 -2.103347540 0.070861734 0.005436466 0.997471392 100.407409668
0.997317195 0.021081151 -0.070100576 -3.371754169 -0.021383302 0.999764979 -0.003562580 -2.117341042 0.070009001 0.005052005 0.997533619 100.983871460
0.997463644 0.025223497 -0.066559039 -3.427645206 -0.025388855 0.999676287 -0.001639552 -2.141738415 0.066496149 0.003325252 0.997781157 101.564308167
0.997698903 0.027623985 -0.061917257 -3.442749262 -0.027702639 0.999616086 -0.000412035 -2.156701803 0.061882108 0.002126358 0.998081207 102.093475342
0.998115897 0.028796939 -0.054178506 -3.474988699 -0.028745899 0.999585211 0.001721293 -2.169496536 0.054205611 -0.000160640 0.998529792 102.615203857
0.998584509 0.028538415 -0.044884160 -3.487733364 -0.028383331 0.999588728 0.004088848 -2.180699110 0.044982400 -0.002809098 0.998983860 103.118049622
0.999063730 0.028181374 -0.032824092 -3.500288010 -0.028021932 0.999593139 0.005307593 -2.191949844 0.032960318 -0.004382830 0.999447048 103.597724915
0.999437511 0.027391443 -0.019346930 -3.503849506 -0.027291849 0.999612927 0.005393136 -2.202892780 0.019487161 -0.004862089 0.999798298 104.053924561
0.999618471 0.027322859 -0.004013840 -3.501313448 -0.027303871 0.999616086 0.004710557 -2.216970682 0.004141003 -0.004599167 0.999980807 104.498588562
0.999581456 0.025503581 0.013646666 -3.475175381 -0.025527107 0.999673009 0.001552929 -2.227080107 -0.013602603 -0.001900639 0.999905646 104.915000916
0.999050021 0.025701294 0.035190057 -3.452666521 -0.025614185 0.999667645 -0.002923899 -2.237088680 -0.035253525 0.002019757 0.999376357 105.345321655
0.998005867 0.023000209 0.058779780 -3.396560192 -0.022581520 0.999714732 -0.007777371 -2.251403809 -0.058941886 0.006434526 0.998240650 105.710304260
0.996078730 0.020653754 0.086026013 -3.339346886 -0.019794675 0.999745488 -0.010827424 -2.259397507 -0.086227745 0.009082112 0.996234000 106.112075806
0.993089736 0.017941458 0.115977228 -3.267290115 -0.016669553 0.999789953 -0.011927550 -2.272475958 -0.116166860 0.009911841 0.993180275 106.505363464
0.988805830 0.015862042 0.148362219 -3.181687355 -0.013944134 0.999805331 -0.013958480 -2.283428192 -0.148554742 0.011733445 0.988834620 106.883468628
0.982773423 0.013200276 0.184342086 -3.085090637 -0.010602230 0.999830186 -0.015072209 -2.303075075 -0.184509754 0.012858131 0.982746542 107.258407593
0.974832892 0.010070301 0.222709462 -2.975902557 -0.006666481 0.999849319 -0.016030200 -2.311903715 -0.222837329 0.014142080 0.974753082 107.613754272
0.964915872 0.007986295 0.262437642 -2.854667664 -0.003741052 0.999854088 -0.016671861 -2.326473713 -0.262532502 0.015105154 0.964804947 107.938720703
0.952655435 0.008677533 0.303928018 -2.715826035 -0.003534513 0.999841154 -0.017467897 -2.347412586 -0.304031372 0.015566653 0.952534854 108.277755737
0.937166214 0.010388180 0.348728150 -2.589847565 -0.004469476 0.999832153 -0.017772555 -2.363445044 -0.348854244 0.015097210 0.937055409 108.572875977
0.919278204 0.011189588 0.393449187 -2.408020020 -0.004732791 0.999837816 -0.017377146 -2.366771221 -0.393579841 0.014112318 0.919182181 108.922348022
0.898903966 0.009893328 0.438033879 -2.229076385 -0.003309081 0.999869823 -0.015792144 -2.382487774 -0.438133061 0.012746133 0.898819745 109.222015381
0.875416338 0.008063087 0.483302653 -2.046161652 -0.000383992 0.999872029 -0.015985651 -2.399951935 -0.483369678 0.013808512 0.875307560 109.485977173
0.849915981 0.008901096 0.526843011 -1.836894989 0.000891091 0.999831498 -0.018329844 -2.411782503 -0.526917458 0.016048294 0.849764943 109.765869141
0.821940184 0.010944414 0.569468737 -1.614860535 0.001719775 0.999763012 -0.021696314 -2.427378416 -0.569571376 0.018812433 0.821726680 110.036239624
0.790790141 0.015544144 0.611889958 -1.379055023 0.000179339 0.999671519 -0.025626924 -2.447061300 -0.612087309 0.020375259 0.790527582 110.302635193
0.757292390 0.021376461 0.652725935 -1.118362427 -0.002897166 0.999564230 -0.029373951 -2.459106922 -0.653069496 0.020353619 0.757024348 110.554000854
0.719622493 0.026211850 0.693870544 -0.849128723 -0.004762582 0.999449968 -0.032816164 -2.463238955 -0.694349110 0.020310644 0.719351649 110.797401428
0.681233764 0.026621077 0.731581688 -0.546207428 -0.002913021 0.999429107 -0.033655073 -2.478660583 -0.732060015 0.020795867 0.680922627 111.011581421
0.640662611 0.023575114 0.767460525 -0.228996277 0.001753944 0.999480903 -0.032166559 -2.490653515 -0.767820477 0.021953996 0.640288711 111.201812744
0.597746789 0.022108601 0.801380098 0.085128784 0.004073517 0.999522984 -0.030613422 -2.489136934 -0.801674664 0.021563509 0.597371638 111.362319946
0.551510334 0.020659169 0.833912253 0.428359985 0.005483551 0.999581933 -0.028390002 -2.495943069 -0.834150136 0.020230180 0.551166475 111.546295166
0.503446937 0.018172277 0.863835096 0.782047272 0.007041582 0.999659300 -0.025133440 -2.509126186 -0.863997519 0.018736118 0.503147483 111.708099365
0.452570885 0.014440246 0.891611457 1.151111603 0.009820968 0.999727488 -0.021176256 -2.521822453 -0.891674340 0.018340247 0.452305794 111.857589722
0.399853438 0.014366916 0.916466534 1.516288757 0.006489036 0.999807715 -0.018504569 -2.547111034 -0.916556180 0.013346101 0.399683356 111.994506836
0.349085122 0.019955030 0.936878502 1.898368835 0.002384718 0.999751031 -0.022182740 -2.552723885 -0.937088013 0.009977857 0.348950654 112.096527100
0.298662603 0.024923034 0.954033256 2.287641525 0.002179044 0.999638438 -0.026796572 -2.564348698 -0.954356313 0.010082017 0.298500359 112.184371948
0.252380908 0.027056916 0.967249572 2.683082581 0.003830371 0.999573171 -0.028960552 -2.576545238 -0.967620432 0.011014016 0.252169549 112.250030518
0.210904807 0.026768418 0.977139950 3.102170944 0.010811078 0.999499857 -0.029714415 -2.593848705 -0.977446914 0.016830850 0.210509941 112.304771423
0.176048651 0.026616730 0.984021544 3.541027069 0.019363254 0.999347270 -0.030495502 -2.607117176 -0.984191000 0.024422554 0.175418362 112.341743469
0.145560369 0.028000059 0.988953114 3.998159409 0.023830822 0.999210119 -0.031798039 -2.618826389 -0.989062309 0.028196100 0.144778103 112.381652832
0.117636040 0.026213204 0.992710650 4.463517189 0.021804873 0.999342382 -0.028972192 -2.637486935 -0.992817402 0.025054105 0.116987079 112.422561646
0.091696963 0.022795405 0.995526016 4.934552193 0.015081295 0.999591470 -0.024277614 -2.652980566 -0.995672762 0.017240006 0.091315739 112.470809937
0.067759790 0.018646766 0.997527361 5.440574646 0.010416502 0.999757648 -0.019396024 -2.669991016 -0.997647285 0.011705019 0.067549139 112.499282837
0.045288634 0.016259393 0.998841643 5.961242199 0.014466091 0.999751985 -0.016930122 -2.687631845 -0.998869300 0.015216076 0.045042194 112.502380371
0.024995171 0.016899787 0.999544740 6.495255947 0.022763530 0.999588132 -0.017469762 -2.704753399 -0.999428391 0.023189828 0.024600193 112.493553162
0.007451378 0.019483881 0.999782443 7.058878422 0.027345607 0.999432206 -0.019680865 -2.723191261 -0.999598324 0.027486309 0.006914355 112.481101990
-0.006599764 0.025088180 0.999663472 7.649795532 0.027649984 0.999307573 -0.024896709 -2.729354382 -0.999595881 0.027476370 -0.007288885 112.474411011
-0.017360549 0.029692907 0.999408305 8.248654366 0.025226256 0.999253750 -0.029250115 -2.742269278 -0.999531031 0.024703527 -0.018096633 112.465858459
-0.024366459 0.029212506 0.999276221 8.864400864 0.026379872 0.999243736 -0.028568305 -2.764993191 -0.999355078 0.025664669 -0.025118653 112.453613281
-0.026974561 0.025789987 0.999303401 9.494880676 0.032045420 0.999175727 -0.024921676 -2.794236183 -0.999122322 0.031350844 -0.027778776 112.423423767
-0.026008800 0.024634605 0.999358058 10.174713135 0.035081282 0.999103010 -0.023715302 -2.802319050 -0.999045968 0.034441959 -0.026849687 112.402496338
-0.024122119 0.024497576 0.999408782 10.851535797 0.034027569 0.999140501 -0.023669694 -2.820915461 -0.999129713 0.033436481 -0.024934981 112.391319275
-0.022735231 0.024636872 0.999437809 11.529815674 0.030467056 0.999248981 -0.023939144 -2.844713926 -0.999277174 0.029905673 -0.023468772 112.385398865
-0.021276845 0.025846647 0.999439478 12.255019188 0.029516673 0.999246359 -0.025213271 -2.866008282 -0.999337852 0.028963676 -0.022023713 112.369628906
-0.020298447 0.026674464 0.999438047 12.978940964 0.029340059 0.999229431 -0.026073003 -2.888384104 -0.999363363 0.028794337 -0.021065434 112.358665466
-0.019454794 0.026159817 0.999468446 13.727793694 0.028855801 0.999255896 -0.025592571 -2.914634466 -0.999394298 0.028342564 -0.020195184 112.348258972
-0.018888345 0.024994375 0.999509156 14.488322258 0.027427459 0.999324203 -0.024471432 -2.939831018 -0.999445379 0.026951766 -0.019561116 112.337089539
-0.018426375 0.023848047 0.999545872 15.256873131 0.028188001 0.999330521 -0.023323273 -2.962730169 -0.999432862 0.027745429 -0.019086264 112.327133179
-0.018853605 0.021290837 0.999595463 16.045452118 0.029144818 0.999360085 -0.020736115 -2.996155262 -0.999397397 0.028742075 -0.019462056 112.311210632
-0.020110743 0.019517755 0.999607205 16.835720062 0.026178865 0.999476850 -0.018988525 -3.024387836 -0.999454916 0.025786707 -0.020611176 112.304267883
-0.021330375 0.018766820 0.999596298 17.629152298 0.025888143 0.999498963 -0.018212562 -3.043854713 -0.999437213 0.025489207 -0.021805529 112.288711548
-0.022564393 0.016364370 0.999611378 18.428258896 0.027888097 0.999487281 -0.015732810 -3.062548399 -0.999356329 0.027522262 -0.023009190 112.271049500
-0.023936843 0.014614961 0.999606550 19.241306305 0.029550120 0.999466538 -0.013905295 -3.089135647 -0.999276638 0.029205646 -0.024355950 112.252235413
-0.025530709 0.013658257 0.999580681 20.073907852 0.026955865 0.999552608 -0.012969379 -3.119176626 -0.999310553 0.026613453 -0.025887454 112.233604431
-0.026352545 0.018646102 0.999478757 20.899211884 0.023583723 0.999559343 -0.018025791 -3.136644125 -0.999374568 0.023096403 -0.026780676 112.218231201
-0.027104797 0.023225909 0.999362767 21.737554550 0.025489530 0.999421000 -0.022535937 -3.164544582 -0.999307573 0.024862457 -0.027681127 112.199775696
-0.027951222 0.024880592 0.999299586 22.579038620 0.025519950 0.999382138 -0.024168834 -3.193023205 -0.999283433 0.024826530 -0.028568907 112.174560547
-0.029675480 0.022583667 0.999304414 23.430103302 0.022228362 0.999512374 -0.021928269 -3.225165129 -0.999312401 0.021562172 -0.030163014 112.159149170
-0.030944493 0.018330410 0.999353111 24.277524948 0.019057762 0.999660909 -0.017745942 -3.255516529 -0.999339402 0.018496292 -0.031283338 112.143821716
-0.031303618 0.012796321 0.999428093 25.133920670 0.017576985 0.999770463 -0.012250170 -3.286462784 -0.999355316 0.017183458 -0.031521354 112.124519348
-0.031708080 0.007208572 0.999471188 25.964277267 0.013547325 0.999885261 -0.006781772 -3.309515953 -0.999405324 0.013325124 -0.031802099 112.108848572
-0.030994894 0.005741935 0.999503076 26.835254669 0.011517413 0.999919116 -0.005387166 -3.336922884 -0.999453127 0.011344715 -0.031058518 112.079597473
-0.030169163 0.012667023 0.999464571 27.672773361 0.014280675 0.999823093 -0.012240501 -3.362367153 -0.999442756 0.013903744 -0.030344727 112.057922363
-0.028714698 0.023904933 0.999301791 28.500627518 0.016746897 0.999585092 -0.023430493 -3.388226986 -0.999447346 0.016062405 -0.029103123 112.028091431
-0.028688636 0.029111672 0.999164343 29.338411331 0.018295730 0.999423623 -0.028593907 -3.412433624 -0.999420941 0.017460121 -0.029204722 112.013526917
-0.027414998 0.023927756 0.999337733 30.175373077 0.019965546 0.999527156 -0.023384575 -3.442423820 -0.999424696 0.019311232 -0.027879769 111.993751526
-0.026048467 0.015921742 0.999533832 31.005979538 0.023651000 0.999603093 -0.015306479 -3.479236603 -0.999380887 0.023241263 -0.026414689 111.961746216
-0.025253866 0.013221690 0.999593616 31.833805084 0.024895763 0.999610722 -0.012592942 -3.504410028 -0.999371052 0.024567625 -0.025573200 111.939041138
-0.025759296 0.013648629 0.999575019 32.654571533 0.024019213 0.999626517 -0.013030349 -3.531336308 -0.999379635 0.023673356 -0.026077509 111.926589966
-0.026781913 0.014553686 0.999535322 33.466682434 0.020236418 0.999697030 -0.014013812 -3.560307503 -0.999436498 0.019851696 -0.027068315 111.910949707
-0.028669631 0.014456802 0.999484420 34.274364471 0.018401409 0.999733627 -0.013932575 -3.587080717 -0.999419570 0.017992478 -0.028928019 111.893463135
-0.030920275 0.014508711 0.999416590 35.086624146 0.018079022 0.999739230 -0.013954060 -3.611178637 -0.999358356 0.017637014 -0.031174518 111.871475220
-0.032530103 0.014378879 0.999367297 35.889202118 0.016779266 0.999763489 -0.013838403 -3.641825199 -0.999329865 0.016318487 -0.032763679 111.845581055
-0.035158262 0.014631079 0.999274731 36.719039917 0.014439577 0.999796033 -0.014130672 -3.668548584 -0.999277413 0.013932299 -0.035362355 111.837234497
-0.037275691 0.014108601 0.999205410 37.500190735 0.013360266 0.999817967 -0.013618841 -3.692447901 -0.999215722 0.012841998 -0.037457403 111.809295654
-0.039182507 0.012952173 0.999148130 38.289459229 0.013874597 0.999826670 -0.012416864 -3.718697309 -0.999135733 0.013376251 -0.039355427 111.776870728
-0.040845640 0.012767741 0.999083877 39.068725586 0.013157477 0.999838591 -0.012239467 -3.748257160 -0.999078810 0.012645495 -0.041007031 111.743789673
-0.042916633 0.013937742 0.998981416 39.862689972 0.013499646 0.999819458 -0.013369486 -3.770280600 -0.998987377 0.012912122 -0.043097038 111.719810486
-0.044091009 0.014007998 0.998929322 40.630081177 0.014078218 0.999810994 -0.013398973 -3.796074867 -0.998928308 0.013472370 -0.044279892 111.686912537
-0.044963881 0.012847496 0.998906016 41.406974792 0.016122047 0.999796391 -0.012133245 -3.821223736 -0.998858511 0.015558852 -0.045161858 111.649246216
-0.046517000 0.012030201 0.998845160 42.180099487 0.016093414 0.999806643 -0.011292301 -3.848059893 -0.998787880 0.015549546 -0.046701621 111.617599487
-0.048086397 0.011268515 0.998779595 42.939113617 0.014122210 0.999844015 -0.010600609 -3.878252983 -0.998743296 0.013595232 -0.048238043 111.587913513
-0.049052965 0.010435239 0.998741627 43.697044373 0.012433861 0.999874294 -0.009836388 -3.895044565 -0.998718739 0.011935713 -0.049176559 111.553100586
-0.050071698 0.009328682 0.998702109 44.433929443 0.011838154 0.999891639 -0.008746266 -3.918978691 -0.998675525 0.011384849 -0.050176699 111.523490906
-0.050835159 0.009156831 0.998665154 45.150623322 0.011931499 0.999892175 -0.008560729 -3.941666126 -0.998635828 0.011480386 -0.050938927 111.491889954
-0.050605997 0.011347812 0.998654246 45.855567932 0.012091042 0.999869049 -0.010748912 -3.965594292 -0.998645663 0.011530810 -0.050736576 111.457832336
-0.050821483 0.014321115 0.998605132 46.562389374 0.012016993 0.999833584 -0.013727157 -3.990233421 -0.998635471 0.011302597 -0.050985128 111.427246094
-0.051256508 0.015964409 0.998557866 47.260677338 0.009935327 0.999830782 -0.015474777 -4.012228966 -0.998636127 0.009127814 -0.051406454 111.395111084
-0.051264513 0.017029410 0.998539865 47.959857941 0.010397219 0.999809444 -0.016517272 -4.032913685 -0.998631001 0.009535288 -0.051431812 111.362899780
-0.051251613 0.016794108 0.998544514 48.653301239 0.012051279 0.999796093 -0.016196609 -4.054797649 -0.998613119 0.011203635 -0.051443554 111.328918457
-0.051888898 0.016348222 0.998519003 49.328815460 0.012194420 0.999801695 -0.015735531 -4.080738544 -0.998578489 0.011359861 -0.052077971 111.293235779
-0.051537681 0.016295837 0.998538136 50.028663635 0.008775013 0.999835610 -0.015864111 -4.103427410 -0.998632491 0.007944585 -0.051672202 111.261993408
-0.051354382 0.016527969 0.998543799 50.714042664 0.006545697 0.999847174 -0.016212905 -4.127409458 -0.998659134 0.005703561 -0.051454723 111.236175537
-0.051541742 0.014891352 0.998559892 51.394207001 0.007745239 0.999864757 -0.014511030 -4.154047966 -0.998640776 0.006986160 -0.051650118 111.205543518
-0.052532356 0.014862510 0.998508692 52.066505432 0.008747514 0.999857664 -0.014422379 -4.170664787 -0.998580933 0.007976823 -0.052654903 111.169990540
-0.055706415 0.013834309 0.998351455 52.737026215 0.005031492 0.999895155 -0.013574956 -4.198880672 -0.998434544 0.004266985 -0.055770185 111.134559631
-0.061415788 0.013646694 0.998018980 53.409156799 0.001337985 0.999906659 -0.013590169 -4.219936371 -0.998111308 0.000500684 -0.061428316 111.108261108
-0.067078762 0.017476140 0.997594655 54.071746826 0.004908393 0.999840260 -0.017185437 -4.242688179 -0.997735679 0.003743808 -0.067153819 111.060539246
-0.073870867 0.020739548 0.997052133 54.750041962 0.007460991 0.999767184 -0.020243246 -4.257538795 -0.997239888 0.005943612 -0.074008405 111.008422852
-0.081016928 0.022232905 0.996464789 55.412967682 0.006691295 0.999740601 -0.021761969 -4.282035828 -0.996690273 0.004904552 -0.081144683 110.950256348
-0.087165453 0.021026632 0.995971978 56.087135315 0.002611323 0.999778509 -0.020878460 -4.310048580 -0.996190429 0.000780924 -0.087201059 110.894462585
-0.092779532 0.019977925 0.995486200 56.784450531 0.002183793 0.999800324 -0.019860974 -4.337371826 -0.995684266 0.000331244 -0.092804626 110.839698792
-0.097283624 0.020833423 0.995038748 57.461029053 -0.000042400 0.999780774 -0.020936854 -4.354022503 -0.995256722 -0.002079003 -0.097261414 110.771820068
-0.101402588 0.020629909 0.994631588 58.163478851 -0.001887932 0.999779165 -0.020929152 -4.369318962 -0.994843781 -0.004000067 -0.101341233 110.710853577
-0.103996940 0.016834782 0.994435132 58.867042542 -0.001951653 0.999851286 -0.017130576 -4.398044109 -0.994575679 -0.003722319 -0.103948630 110.638763428
-0.105622426 0.014112078 0.994306147 59.585891724 0.000318160 0.999899745 -0.014157671 -4.417401791 -0.994406283 -0.001179018 -0.105616316 110.562690735
-0.107468940 0.011468356 0.994142234 60.306015015 -0.000250669 0.999933064 -0.011562255 -4.440766811 -0.994208395 -0.001491784 -0.107458860 110.493377686
-0.108682610 0.010681315 0.994019091 61.023799896 -0.000937778 0.999940634 -0.010847476 -4.463816166 -0.994076073 -0.002111101 -0.108666152 110.415451050
-0.108898878 0.014422183 0.993948162 61.750427246 0.000784199 0.999895513 -0.014422561 -4.482338428 -0.994052529 -0.000791148 -0.108898826 110.336547852
-0.108934693 0.018279200 0.993880749 62.480247498 0.006237937 0.999823749 -0.017704789 -4.506901741 -0.994029403 0.004271100 -0.109029539 110.250350952
-0.109899253 0.023555990 0.993663549 63.225593567 0.013762509 0.999659181 -0.022175990 -4.528419018 -0.993847430 0.011238180 -0.110186018 110.163719177
-0.110301092 0.024368783 0.993599355 63.971942902 0.014574168 0.999631405 -0.022898819 -4.554414272 -0.993791401 0.011955123 -0.110615604 110.081085205
-0.110899821 0.022163669 0.993584394 64.730873108 0.012871984 0.999699473 -0.020863360 -4.584187508 -0.993748128 0.010475660 -0.111151785 109.999404907
-0.110508040 0.016722253 0.993734479 65.483795166 0.013171546 0.999795318 -0.015359501 -4.612268448 -0.993787825 0.011391674 -0.110705666 109.916114807
-0.111052141 0.015181433 0.993698597 66.235382080 0.015229075 0.999791861 -0.013572585 -4.635935783 -0.993697822 0.013625847 -0.111260228 109.836341858
-0.111905195 0.014858774 0.993607819 66.986694336 0.015462934 0.999793172 -0.013209757 -4.660282135 -0.993598521 0.013885851 -0.112111807 109.752464294
-0.113456927 0.015284464 0.993425369 67.733695984 0.013829239 0.999809086 -0.013803275 -4.686450005 -0.993446648 0.012172241 -0.113646626 109.674377441
-0.115756132 0.016380740 0.993142605 68.470489502 0.013177971 0.999801338 -0.014954603 -4.706338406 -0.993190229 0.011356519 -0.115948975 109.594581604
-0.118170559 0.016670017 0.992853284 69.208358765 0.014476093 0.999781847 -0.015063380 -4.730099201 -0.992887735 0.012592593 -0.118386097 109.507202148
-0.119881064 0.016754115 0.992646813 69.950775146 0.014416573 0.999781549 -0.015133457 -4.752821922 -0.992683530 0.012496353 -0.120096408 109.418609619
-0.121846057 0.016464503 0.992412388 70.694610596 0.014480432 0.999785483 -0.014808950 -4.775579929 -0.992443323 0.012566147 -0.122058317 109.325714111
-0.123417400 0.016714096 0.992214024 71.441825867 0.012314024 0.999806941 -0.015310312 -4.798118114 -0.992278397 0.010328590 -0.123599403 109.237358093
-0.124476254 0.018143555 0.992056608 72.193672180 0.012179644 0.999785542 -0.016756680 -4.822824478 -0.992147863 0.009997089 -0.124670535 109.146896362
-0.125295714 0.018503590 0.991946816 72.949905396 0.011010128 0.999790490 -0.017259181 -4.845109940 -0.992058277 0.008758961 -0.125473186 109.053764343
-0.126517490 0.018535974 0.991791129 73.712638855 0.010538334 0.999794185 -0.017341223 -4.871801376 -0.991908431 0.008257858 -0.126686797 108.956832886
-0.127855480 0.017339051 0.991641223 74.508331299 0.011361732 0.999807119 -0.016016928 -4.885468006 -0.991727769 0.009218910 -0.128027841 108.868019104
-0.128793389 0.015031190 0.991557539 75.291336060 0.009274646 0.999859571 -0.013952360 -4.907430172 -0.991628110 0.007399373 -0.128914744 108.772781372
-0.130878910 0.013096444 0.991311848 76.080123901 0.005768479 0.999905825 -0.012448392 -4.925668716 -0.991381645 0.004089130 -0.130942151 108.681129456
-0.132735357 0.012209298 0.991076291 76.855766296 0.007199921 0.999909580 -0.011353829 -4.953567982 -0.991125345 0.005628617 -0.132811263 108.570549011
-0.134275690 0.012969635 0.990859151 77.653228760 0.008650814 0.999891520 -0.011915555 -4.973149776 -0.990906239 0.006971770 -0.134373337 108.465919495
-0.136679560 0.014506709 0.990509152 78.452056885 0.008039666 0.999876022 -0.013534509 -4.990636826 -0.990582645 0.006113473 -0.136779249 108.359916687
-0.138235241 0.017381616 0.990246832 79.245452881 0.009145051 0.999825716 -0.016273133 -5.022528648 -0.990357220 0.006806340 -0.138370097 108.252151489
-0.138531163 0.021487076 0.990124941 80.060897827 0.011279775 0.999733984 -0.020117424 -5.044867992 -0.990293860 0.008381497 -0.138736680 108.140060425
-0.139815092 0.025246363 0.989855707 80.862236023 0.012149247 0.999643385 -0.023779940 -5.081827164 -0.990103126 0.008701208 -0.140071943 108.021995544
-0.139677405 0.026600987 0.989839613 81.688201904 0.014390674 0.999588013 -0.024832278 -5.108705521 -0.990092516 0.010775954 -0.140002668 107.907806396
-0.139006227 0.025829822 0.989954591 82.518531799 0.017634608 0.999565840 -0.023604400 -5.140786171 -0.990134537 0.014176304 -0.139401361 107.790710449
-0.138890862 0.023660678 0.990025103 83.347137451 0.018275809 0.999605477 -0.021325726 -5.175286293 -0.990139067 0.015131561 -0.139268503 107.670021057
-0.137583867 0.021927848 0.990247428 84.190361023 0.017405348 0.999654055 -0.019717868 -5.205260277 -0.990337253 0.014522742 -0.137917921 107.552673340
-0.136530474 0.019623149 0.990441501 85.034721375 0.016598376 0.999708891 -0.017518695 -5.230153084 -0.990496755 0.014047884 -0.136816472 107.455039978
-0.135219187 0.016415503 0.990679681 85.891082764 0.017087052 0.999752760 -0.014233602 -5.256078720 -0.990668297 0.015003140 -0.135466278 107.348632812
-0.133609399 0.012827162 0.990951061 86.739990234 0.017358419 0.999793291 -0.010601187 -5.284103870 -0.990882039 0.015784925 -0.133804470 107.234840393
-0.131609455 0.012928667 0.991217315 87.584365845 0.015644750 0.999817491 -0.010963600 -5.308540344 -0.991178274 0.014064433 -0.131787673 107.128433228
-0.130350575 0.017071063 0.991320908 88.437042236 0.016251393 0.999754310 -0.015079360 -5.336699009 -0.991334736 0.014144745 -0.130595952 107.020912170
-0.128337443 0.023148114 0.991460323 89.288230896 0.017048508 0.999631286 -0.021132080 -5.363602638 -0.991583943 0.014190882 -0.128684774 106.912315369
-0.126848131 0.026841171 0.991558850 90.139572144 0.015199270 0.999569058 -0.025113584 -5.388303757 -0.991805673 0.011885363 -0.127201468 106.807327271
-0.125410721 0.024190458 0.991809964 91.002182007 0.013776256 0.999648750 -0.022639684 -5.420068264 -0.992009223 0.010824170 -0.125699967 106.703880310
