0.999993026 -0.002492875 -0.002782360 -0.000208293 0.002486551 0.999994338 -0.002274112 -0.000962190 0.002788013 0.002267178 0.999993563 0.045727681
0.999981403 -0.002826691 -0.005406039 0.000044273 0.002806340 0.999988973 -0.003768465 -0.001434077 0.005416632 0.003753224 0.999978304 0.072409071
0.999961317 -0.005025187 -0.007222019 -0.000135660 0.004986949 0.999973476 -0.005303009 -0.001922652 0.007248479 0.005266787 0.999959826 0.091658629
0.999936461 -0.007227415 -0.008651215 -0.000402588 0.007162288 0.999946058 -0.007535606 -0.002288027 0.008705212 0.007473165 0.999934196 0.114536732
0.999911666 -0.008603228 -0.010133645 -0.000622729 0.008521695 0.999931157 -0.008061781 -0.002841023 0.010202306 0.007974712 0.999916077 0.137923002
0.999897242 -0.008407009 -0.011611998 -0.001088096 0.008319367 0.999936700 -0.007575228 -0.003316712 0.011674947 0.007477846 0.999903798 0.161514223
0.999877989 -0.008932600 -0.012811052 -0.001413842 0.008832976 0.999930441 -0.007811825 -0.004029814 0.012879940 0.007697712 0.999887407 0.185479045
0.999868929 -0.008343010 -0.013869836 -0.001990566 0.008197469 0.999911070 -0.010517104 -0.004689259 0.013956347 0.010402027 0.999848485 0.209560946
0.999860704 -0.006749883 -0.015260960 -0.002390619 0.006530738 0.999875486 -0.014364246 -0.005278185 0.015356015 0.014262579 0.999780357 0.234406382
0.999853611 -0.005469328 -0.016212253 -0.003349640 0.005179636 0.999827147 -0.017857118 -0.005987265 0.016307116 0.017770527 0.999709129 0.258737862
0.999833167 -0.003693958 -0.017889047 -0.003569406 0.003375522 0.999835849 -0.017798191 -0.006546431 0.017951857 0.017734839 0.999681592 0.284728229
0.999829888 -0.001032284 -0.018409610 -0.004817372 0.000823855 0.999935508 -0.011325729 -0.006861382 0.018420111 0.011308637 0.999766409 0.310636431
0.999813199 -0.000708021 -0.019311491 -0.005226788 0.000707076 0.999999762 -0.000055766 -0.007835873 0.019311525 0.000042100 0.999813557 0.337705791
0.999792635 0.000161758 -0.020370457 -0.005927760 -0.000044093 0.999983311 0.005776543 -0.007671951 0.020371053 -0.005774446 0.999775827 0.365453124
0.999764979 0.002906230 -0.021487653 -0.006838850 -0.002799773 0.999983609 0.004982763 -0.008396309 0.021501781 -0.004921430 0.999756694 0.393521369
0.999738395 0.004731343 -0.022377707 -0.007617236 -0.004785977 0.999985695 -0.002388522 -0.008533839 0.022366086 0.002494997 0.999746740 0.421229780
0.999706447 0.005079932 -0.023691749 -0.008379132 -0.005281250 0.999950469 -0.008442577 -0.008664167 0.023647688 0.008565220 0.999683678 0.450575411
0.999694288 0.002168950 -0.024630470 -0.009230525 -0.002330338 0.999975979 -0.006525547 -0.008917376 0.024615724 0.006580949 0.999675333 0.480410427
0.999677181 0.001426308 -0.025369359 -0.009808726 -0.001359095 0.999995470 0.002666416 -0.009217259 0.025373047 -0.002631076 0.999674559 0.511888862
0.999675810 0.000695091 -0.025448643 -0.011041270 -0.000430593 0.999945939 0.010397410 -0.009601557 0.025454488 -0.010383081 0.999622166 0.544185877
0.999668896 -0.000118663 -0.025731362 -0.012216770 0.000436760 0.999923527 0.012356962 -0.009470008 0.025727933 -0.012364109 0.999592543 0.576181054
0.999656081 -0.000999623 -0.026205739 -0.012447949 0.001296130 0.999935329 0.011300037 -0.009724425 0.026192747 -0.011330116 0.999592781 0.608768046
0.999680042 -0.002319475 -0.025187721 -0.014003105 0.002547456 0.999956012 0.009022934 -0.009565560 0.025165685 -0.009084213 0.999642015 0.643576920
0.999696016 0.000240147 -0.024651483 -0.015510812 -0.000107148 0.999985456 0.005396373 -0.009545422 0.024652418 -0.005392092 0.999681532 0.677922189
0.999728024 -0.002588562 -0.023177659 -0.016890833 0.002578402 0.999996543 -0.000468269 -0.009635494 0.023178792 0.000408381 0.999731243 0.713664770
0.999715447 -0.005251863 -0.023269925 -0.016548613 0.005094747 0.999963820 -0.006806078 -0.010180470 0.023304829 0.006685587 0.999706030 0.749492586
0.999750674 -0.004501731 -0.021868024 -0.018061729 0.004240028 0.999918997 -0.011999078 -0.010579392 0.021920264 0.011903366 0.999688864 0.785209119
0.999748111 -0.003138732 -0.022224214 -0.018529968 0.002850661 0.999911666 -0.012981918 -0.011110029 0.022262996 0.012915294 0.999668717 0.822596788
0.999743104 -0.002773119 -0.022494562 -0.019454807 0.002494636 0.999920011 -0.012398656 -0.012034024 0.022527141 0.012339353 0.999670148 0.861136973
0.999763072 -0.001519881 -0.021711787 -0.021414904 0.001225863 0.999907434 -0.013548722 -0.013150517 0.021730371 0.013518896 0.999672472 0.899132729
0.999762058 0.001925616 -0.021727568 -0.022459237 -0.002263652 0.999876618 -0.015544083 -0.014193893 0.021694953 0.015589565 0.999643147 0.938492179
0.999737203 0.004572692 -0.022465838 -0.023174196 -0.004950081 0.999847054 -0.016771585 -0.015000859 0.022385709 0.016878381 0.999606967 0.978445709
0.999740541 0.007014441 -0.021672504 -0.025106678 -0.007368967 0.999839604 -0.016321963 -0.016271900 0.021554539 0.016477432 0.999631882 1.017307043
0.999724865 0.007564441 -0.022208398 -0.025841689 -0.007924219 0.999837995 -0.016156945 -0.017667087 0.022082586 0.016328484 0.999622762 1.057622194
0.999728322 0.007539419 -0.022056416 -0.027428441 -0.007902833 0.999833643 -0.016436016 -0.018651476 0.021928832 0.016605860 0.999621630 1.098330379
0.999699414 0.008715317 -0.022916021 -0.028160112 -0.009063611 0.999844253 -0.015139076 -0.019868024 0.022780510 0.015342227 0.999622703 1.138902664
0.999695897 0.009318623 -0.022834614 -0.029480528 -0.009622749 0.999866009 -0.013245130 -0.020924285 0.022708131 0.013460834 0.999651551 1.180997610
0.999688566 0.009494923 -0.023079321 -0.030611608 -0.009782965 0.999875188 -0.012399814 -0.022054354 0.022958707 0.012621735 0.999656737 1.222325325
0.999668896 0.010143168 -0.023648938 -0.031432349 -0.010447129 0.999863863 -0.012765078 -0.023541762 0.023516241 0.013007912 0.999638915 1.264049172
0.999648571 0.011355569 -0.023952847 -0.032694217 -0.011700827 0.999828935 -0.014323512 -0.024144107 0.023786098 0.014598748 0.999610424 1.306257844
0.999659956 0.010960949 -0.023662843 -0.034261256 -0.011260156 0.999857843 -0.012548678 -0.025883615 0.023521936 0.012810858 0.999641240 1.349528790
0.999625742 0.010884660 -0.025098220 -0.034623466 -0.011175944 0.999871433 -0.011494790 -0.026060347 0.024969876 0.011770983 0.999618888 1.392708063
0.999624848 0.010524857 -0.025285983 -0.036416762 -0.010710176 0.999916792 -0.007204812 -0.027267177 0.025208052 0.007472926 0.999654233 1.435329676
0.999623120 0.010733396 -0.025269011 -0.038253114 -0.010859690 0.999929249 -0.004866142 -0.028119652 0.025214994 0.005138721 0.999668777 1.479095221
0.999591768 0.010339981 -0.026632467 -0.038508512 -0.010458542 0.999935985 -0.004316314 -0.029136555 0.026586134 0.004593089 0.999635935 1.523438454
0.999601543 0.009437891 -0.026602587 -0.040527292 -0.009592342 0.999937773 -0.005684291 -0.030202521 0.026547283 0.005937207 0.999629915 1.565958738
0.999580562 0.010131328 -0.027132362 -0.042187005 -0.010310194 0.999925911 -0.006460635 -0.030699000 0.027064897 0.006737664 0.999610960 1.610448956
0.999564767 0.010394081 -0.027608315 -0.043532539 -0.010552660 0.999928534 -0.005604475 -0.031347375 0.027548093 0.005893376 0.999603093 1.654423237
0.999538898 0.009975290 -0.028679712 -0.044921745 -0.010069743 0.999944270 -0.003150854 -0.032832865 0.028646685 0.003438199 0.999583662 1.698831558
0.999531090 0.010146081 -0.028889436 -0.046689905 -0.010165818 0.999948144 -0.000536419 -0.033729099 0.028882498 0.000829853 0.999582410 1.742643595
0.999526680 0.010888155 -0.028771490 -0.048641726 -0.010911499 0.999940276 -0.000654530 -0.034558602 0.028762644 0.000968161 0.999585807 1.787176013
0.999475300 0.012827172 -0.029744826 -0.049892511 -0.012967099 0.999905705 -0.004516191 -0.035674114 0.029684091 0.004899524 0.999547303 1.831073523
0.999433339 0.014207516 -0.030514393 -0.050771873 -0.014466568 0.999861002 -0.008285521 -0.036659256 0.030392436 0.008722265 0.999499977 1.875851631
0.999434948 0.014375957 -0.030382965 -0.052495085 -0.014642265 0.999856114 -0.008560850 -0.037771948 0.030255524 0.009000888 0.999501646 1.920417190
0.999429643 0.014613901 -0.030444236 -0.053916138 -0.014801830 0.999872744 -0.005956644 -0.038899243 0.030353311 0.006403876 0.999518752 1.965121746
0.999428451 0.015465795 -0.030059598 -0.055645283 -0.015589437 0.999870956 -0.003883205 -0.039603520 0.029995663 0.004349599 0.999540567 2.009858608
0.999456048 0.013689895 -0.030003950 -0.057455711 -0.013767052 0.999902487 -0.002366508 -0.040703032 0.029968625 0.002778287 0.999547005 2.054893970
0.999451220 0.013037031 -0.030451523 -0.058496729 -0.013148976 0.999907494 -0.003478791 -0.041344512 0.030403353 0.003877289 0.999530256 2.098856211
0.999476552 0.013123544 -0.029568009 -0.059877690 -0.013286139 0.999897659 -0.005309218 -0.042347960 0.029495303 0.005699284 0.999548614 2.143129587
0.999474585 0.013241998 -0.029584767 -0.060642011 -0.013464249 0.999882519 -0.007325771 -0.043567952 0.029484283 0.007720259 0.999535441 2.186466932
0.999497950 0.012190666 -0.029243913 -0.062735423 -0.012483455 0.999873519 -0.009850406 -0.044734720 0.029120129 0.010210525 0.999523699 2.231546640
0.999514759 0.009569581 -0.029642951 -0.063408606 -0.009974587 0.999858558 -0.013545249 -0.045506932 0.029509133 0.013834354 0.999468684 2.275532007
0.999523044 0.008488124 -0.029691653 -0.064261712 -0.008928888 0.999851465 -0.014743727 -0.047323938 0.029562095 0.015001807 0.999450326 2.319456577
0.999558866 0.007053803 -0.028849624 -0.066329688 -0.007419524 0.999893188 -0.012589467 -0.048593473 0.028757744 0.012797961 0.999504507 2.364148617
0.999571264 0.005055068 -0.028841794 -0.067667894 -0.005265435 0.999960065 -0.007222522 -0.049423046 0.028804131 0.007371289 0.999557972 2.409566402
0.999582887 0.004535134 -0.028521746 -0.069106415 -0.004563199 0.999989152 -0.000918915 -0.050553977 0.028517274 0.001048682 0.999592721 2.452713490
0.999594450 0.002575626 -0.028359171 -0.070193373 -0.002584014 0.999996662 -0.000259119 -0.051423077 0.028358407 0.000332294 0.999597728 2.497314453
0.999599040 -0.000272106 -0.028314803 -0.071594514 0.000183826 0.999995112 -0.003120346 -0.052355833 0.028315514 0.003113890 0.999594212 2.540959358
0.999604702 -0.001429909 -0.028080331 -0.073183179 0.001250225 0.999978602 -0.006415416 -0.053090282 0.028088907 0.006377772 0.999585152 2.585588217
0.999593198 0.001065405 -0.028501710 -0.074387714 -0.001366633 0.999943435 -0.010551364 -0.054245271 0.028488852 0.010586022 0.999538064 2.629951477
0.999600828 0.000199663 -0.028247731 -0.075852022 -0.000609595 0.999894619 -0.014504177 -0.055514019 0.028241858 0.014515609 0.999495745 2.672471046
0.999621928 0.003485017 -0.027273241 -0.077655919 -0.003897745 0.999878466 -0.015094614 -0.056816582 0.027217321 0.015195210 0.999514103 2.717199802
0.999616623 0.007074800 -0.026768958 -0.078925118 -0.007386389 0.999905884 -0.011559017 -0.058024578 0.026684664 0.011752310 0.999574780 2.761308908
0.999615490 0.008276587 -0.026464153 -0.080449298 -0.008517025 0.999923408 -0.008985640 -0.059584890 0.026387757 0.009207581 0.999609351 2.805763006
0.999608696 0.007853809 -0.026846835 -0.081421264 -0.008090964 0.999929130 -0.008736426 -0.060246855 0.026776312 0.008950224 0.999601364 2.849903345
0.999619007 0.005793204 -0.026987566 -0.082449794 -0.006016064 0.999948442 -0.008184028 -0.061195143 0.026938761 0.008343268 0.999602258 2.894295216
0.999609292 0.005504856 -0.027403962 -0.083747417 -0.005683515 0.999963045 -0.006445852 -0.062482517 0.027367461 0.006599085 0.999603629 2.938094854
0.999614418 0.003874344 -0.027494157 -0.085132249 -0.004005283 0.999980867 -0.004708961 -0.063125879 0.027475385 0.004817267 0.999610782 2.983067989
0.999590695 0.003035496 -0.028446831 -0.086420402 -0.003113239 0.999991536 -0.002689020 -0.064622775 0.028438427 0.002776481 0.999591649 3.027132034
0.999594927 0.002247860 -0.028370546 -0.088402778 -0.002361748 0.999989271 -0.003981404 -0.065644301 0.028361293 0.004046795 0.999589503 3.071699142
0.999565601 0.002319352 -0.029380543 -0.089448065 -0.002547578 0.999966860 -0.007732880 -0.066873923 0.029361637 0.007804370 0.999538362 3.115052462
0.999544501 0.002766494 -0.030052345 -0.091113634 -0.003062484 0.999947250 -0.009807592 -0.067895778 0.030023627 0.009895159 0.999500215 3.159064770
0.999515116 0.004491532 -0.030810263 -0.092531547 -0.004742777 0.999956071 -0.008086333 -0.068980046 0.030772584 0.008228538 0.999492645 3.202328205
0.999485612 0.005988219 -0.031510297 -0.093705066 -0.006108267 0.999974489 -0.003714877 -0.070129968 0.031487249 0.003905440 0.999496520 3.246263504
0.999468565 0.007144359 -0.031804342 -0.095861182 -0.007142181 0.999974489 0.000182098 -0.071021892 0.031804841 0.000045151 0.999494076 3.289072990
0.999446929 0.008358446 -0.032186072 -0.097582251 -0.008331600 0.999964774 0.000968170 -0.071999528 0.032193035 -0.000699473 0.999481440 3.332902431
0.999433279 0.007770740 -0.032752525 -0.099298015 -0.007815439 0.999968648 -0.001236924 -0.072823703 0.032741882 0.001492199 0.999462664 3.376065016
0.999429762 0.008088148 -0.032782245 -0.101188302 -0.008156836 0.999964774 -0.001962077 -0.073645025 0.032765217 0.002228358 0.999460578 3.419042587
0.999410748 0.007800968 -0.033427630 -0.102724947 -0.007876762 0.999966681 -0.002136350 -0.074774109 0.033409849 0.002398393 0.999438882 3.461449146
0.999380231 0.005951505 -0.034692418 -0.104063138 -0.006035971 0.999979079 -0.002330503 -0.075263016 0.034677818 0.002538461 0.999395311 3.503015995
0.999338508 0.005156700 -0.035998706 -0.104882821 -0.005181199 0.999986410 -0.000587311 -0.076493010 0.035995185 0.000773439 0.999351621 3.544857979
0.999347568 0.004523546 -0.035832655 -0.107162602 -0.004456391 0.999988139 0.001953808 -0.077192135 0.035841074 -0.001792849 0.999355912 3.585590363
0.999315500 0.003962175 -0.036779154 -0.108547024 -0.003849926 0.999987781 0.003122307 -0.078385487 0.036791071 -0.002978573 0.999318540 3.625352859
0.999233961 0.002328788 -0.039064962 -0.110340744 -0.002212309 0.999992967 0.003024639 -0.078756168 0.039071731 -0.002935898 0.999232113 3.664269686
0.999110401 0.002325705 -0.042105485 -0.112185113 -0.002242368 0.999995470 0.002026363 -0.079559334 0.042110007 -0.001930145 0.999111176 3.702096462
0.998947144 0.001796796 -0.045841388 -0.113935992 -0.001749303 0.999997854 0.001076116 -0.080335461 0.045843229 -0.000994792 0.998948097 3.739627600
0.998818755 0.002827888 -0.048509445 -0.116188325 -0.002780388 0.999995589 0.001046639 -0.080855168 0.048512198 -0.000910527 0.998822093 3.775875092
0.998636305 0.002735327 -0.052134864 -0.118093342 -0.002601683 0.999993086 0.002631121 -0.081847712 0.052141704 -0.002491895 0.998636544 3.811373472
0.998497725 0.004252883 -0.054627847 -0.120342076 -0.004095415 0.999987066 0.002994172 -0.082193777 0.054639887 -0.002765950 0.998502254 3.845600843
0.998330772 0.004814091 -0.057553813 -0.122820593 -0.004523496 0.999976337 0.005178329 -0.083197534 0.057577379 -0.004909341 0.998328924 3.878280163
0.998207867 0.006444400 -0.059493691 -0.125716209 -0.006100965 0.999963641 0.005952486 -0.083786957 0.059529882 -0.005578849 0.998210847 3.910187244
0.997990310 0.008976913 -0.062726676 -0.127348840 -0.008631148 0.999946058 0.005781056 -0.084062196 0.062775180 -0.005228036 0.998014033 3.941589594
0.997789145 0.010588449 -0.065610662 -0.129622221 -0.010283294 0.999934673 0.004986970 -0.084954925 0.065659165 -0.004301251 0.997832835 3.971214056
0.997600496 0.011159256 -0.068328798 -0.131765604 -0.011087586 0.999937475 0.001428060 -0.085594237 0.068340465 -0.000667033 0.997661769 3.999386549
0.997443736 0.013911285 -0.070089102 -0.134795517 -0.014111609 0.999897599 -0.002363813 -0.086188652 0.070049047 0.003346840 0.997537911 4.026813984
0.997254431 0.015418891 -0.072429225 -0.136860326 -0.015813071 0.999863088 -0.004871995 -0.087013751 0.072344199 0.006003945 0.997361600 4.052458286
0.997136056 0.017690904 -0.073529966 -0.138651252 -0.018193854 0.999815345 -0.006175846 -0.087433733 0.073407143 0.007495954 0.997273862 4.078092575
0.997163355 0.019688753 -0.072647803 -0.140556484 -0.020125046 0.999783576 -0.005278438 -0.088354439 0.072528146 0.006725506 0.997343659 4.101604939
0.997314334 0.023607623 -0.069330253 -0.142665222 -0.023920931 0.999707043 -0.003692197 -0.089300968 0.069222793 0.005340726 0.997586966 4.124109745
0.997564018 0.026178263 -0.064658068 -0.143461928 -0.026372593 0.999649823 -0.002153732 -0.090015054 0.064579025 0.003853687 0.997905135 4.146318436
0.998007357 0.026760394 -0.057140689 -0.145413697 -0.026835158 0.999639690 -0.000541392 -0.090292618 0.057105612 0.002073693 0.998365998 4.167898655
0.998519301 0.026998991 -0.047226556 -0.146260515 -0.026934939 0.999635160 0.001992247 -0.090734795 0.047263119 -0.000717252 0.998882174 4.188188553
0.999015212 0.026766760 -0.035385281 -0.146582246 -0.026657877 0.999638200 0.003545247 -0.091295063 0.035467386 -0.002598460 0.999367416 4.207226276
0.999418437 0.025523797 -0.022612341 -0.146548077 -0.025460938 0.999671042 0.003063503 -0.091639832 0.022683099 -0.002485990 0.999739528 4.226207256
0.999655306 0.025272349 -0.007112482 -0.146495417 -0.025259204 0.999679029 0.001932043 -0.091967590 0.007159029 -0.001751722 0.999972820 4.243697643
0.999644220 0.024054745 0.011533562 -0.146140322 -0.024047442 0.999710500 -0.000771561 -0.092608348 -0.011548776 0.000493934 0.999933124 4.260752678
0.999186695 0.023891576 0.032482073 -0.144742414 -0.023735013 0.999704778 -0.005197176 -0.093121223 -0.032596648 0.004421988 0.999458790 4.277581692
0.998197973 0.021704670 0.055942591 -0.142445341 -0.021167858 0.999724209 -0.010170609 -0.093531132 -0.056147911 0.008968097 0.998382151 4.294368267
0.996383250 0.019557467 0.082693189 -0.140171260 -0.018545391 0.999743581 -0.012989457 -0.093938850 -0.082926050 0.011408899 0.996490419 4.310782433
0.993470848 0.016716106 0.112855300 -0.137658596 -0.015172233 0.999779344 -0.014525227 -0.094302870 -0.113073200 0.012718122 0.993505299 4.326232433
0.989284933 0.014661564 0.145259678 -0.134166896 -0.012461844 0.999793589 -0.016041802 -0.094957426 -0.145464897 0.014059711 0.989263535 4.341626167
0.983330846 0.012331286 0.181406438 -0.130300462 -0.009289281 0.999801815 -0.017609101 -0.095469818 -0.181587607 0.015630435 0.983250618 4.357062817
0.975544512 0.008480424 0.219638020 -0.125879943 -0.004580593 0.999822855 -0.018258909 -0.096029267 -0.219753951 0.016806306 0.975410521 4.371127605
0.965622783 0.006508127 0.259865910 -0.121031404 -0.001683455 0.999822140 -0.018784253 -0.096858680 -0.259941876 0.017701030 0.965462029 4.385286808
0.953319788 0.007074816 0.301879764 -0.116013169 -0.001421884 0.999819577 -0.018941410 -0.097881667 -0.301959246 0.017627984 0.953157842 4.398521423
0.938032269 0.009380464 0.346420705 -0.109785438 -0.002468500 0.999789119 -0.020388369 -0.097978622 -0.346538901 0.018269811 0.937857687 4.412593842
0.920275629 0.009772263 0.391148567 -0.103071928 -0.002694462 0.999822557 -0.018639678 -0.098704979 -0.391261280 0.016099706 0.920138836 4.425464153
0.900184572 0.008761458 0.435420454 -0.095119119 -0.001209752 0.999844015 -0.017617667 -0.099165268 -0.435506880 0.015332403 0.900054753 4.438523769
0.876911998 0.007489199 0.480592608 -0.087369204 0.001693792 0.999824286 -0.018671094 -0.099489346 -0.480647922 0.017186932 0.876745224 4.450408459
0.852106869 0.008148619 0.523304403 -0.078352451 0.002685268 0.999797583 -0.019940794 -0.100430548 -0.523360968 0.018396901 0.851912439 4.461881161
0.824445784 0.010144751 0.565849960 -0.069379091 0.003630725 0.999723971 -0.023213370 -0.101153120 -0.565929413 0.021192612 0.824181318 4.472764969
0.793596148 0.014639776 0.608268738 -0.059581518 0.002442096 0.999625802 -0.027245089 -0.101861559 -0.608439982 0.023107052 0.793263435 4.484032154
0.760303438 0.021063680 0.649226606 -0.049086809 -0.000706299 0.999500334 -0.031600919 -0.102149837 -0.649567723 0.023567736 0.759938300 4.494089127
0.723282099 0.025681606 0.690075040 -0.037819386 -0.002288361 0.999391913 -0.034794565 -0.102347806 -0.690548956 0.023587141 0.722900927 4.504106522
0.684308767 0.026064016 0.728726506 -0.025782347 -0.001049006 0.999395132 -0.034759823 -0.103416741 -0.729191601 0.023022011 0.683922112 4.513167858
0.643366754 0.023561150 0.765195549 -0.012722731 0.002334867 0.999461293 -0.032737549 -0.104295328 -0.765554667 0.022848874 0.642965019 4.521896362
0.599393666 0.021641525 0.800161779 0.000554800 0.004524923 0.999526858 -0.030423213 -0.104438558 -0.800441623 0.021856148 0.599012136 4.529953957
0.553884685 0.020337783 0.832344949 0.014850140 0.005299742 0.999595284 -0.027951147 -0.104810223 -0.832576573 0.019892929 0.553552747 4.537304401
0.505029321 0.017795675 0.862918735 0.029307842 0.006277276 0.999685228 -0.024289984 -0.105591804 -0.863079369 0.017683933 0.504758656 4.544539928
0.454280585 0.013674211 0.890753746 0.044538975 0.009574844 0.999749482 -0.020230565 -0.106166944 -0.890807211 0.017719178 0.454035908 4.550752640
0.402694941 0.014141480 0.915224969 0.060912013 0.005931604 0.999819279 -0.018058460 -0.107031181 -0.915315032 0.012700804 0.402538389 4.556406975
0.352142483 0.018985931 0.935753822 0.077477574 0.002689273 0.999769628 -0.021296807 -0.107503295 -0.935942531 0.010016007 0.352010339 4.560970783
0.300924718 0.024122545 0.953342736 0.094547987 0.001847415 0.999663413 -0.025877744 -0.108219236 -0.953646064 0.009548473 0.300778896 4.565639973
0.254168987 0.025955860 0.966811419 0.112686515 0.003716660 0.999606192 -0.027813382 -0.108842790 -0.967152655 0.010662608 0.253972471 4.569246292
0.213179067 0.025812518 0.976672053 0.131343305 0.010717722 0.999529004 -0.028755968 -0.109464444 -0.976954341 0.016597871 0.212801993 4.571509838
0.178074494 0.026252806 0.983666718 0.150905848 0.018541249 0.999377012 -0.030028641 -0.109699570 -0.983842373 0.023585744 0.177476794 4.573389530
0.147644401 0.027193699 0.988666594 0.170971572 0.022397824 0.999273598 -0.030830268 -0.110542864 -0.988786876 0.026695900 0.146928072 4.575269699
0.118760265 0.025337055 0.992599666 0.191815436 0.020645594 0.999395192 -0.027980678 -0.111457407 -0.992708325 0.023815805 0.118165337 4.577552795
0.094160087 0.022164324 0.995310307 0.214207828 0.014519902 0.999615192 -0.023633828 -0.111928135 -0.995451152 0.016677173 0.093802020 4.579294205
0.069628909 0.018302521 0.997405052 0.236902356 0.008531557 0.999784172 -0.018941768 -0.112737440 -0.997536480 0.009828314 0.069457740 4.580866814
0.047541752 0.015542828 0.998748243 0.260804474 0.013276424 0.999780774 -0.016190872 -0.113634512 -0.998781025 0.014029549 0.047324978 4.581299305
0.027073685 0.015892917 0.999507070 0.285350442 0.021713557 0.999628365 -0.016483001 -0.114711188 -0.999397576 0.022149106 0.026718527 4.581048012
0.009842982 0.018464893 0.999781191 0.310512006 0.025724972 0.999493897 -0.018712858 -0.115486205 -0.999620616 0.025903530 0.009362991 4.580650330
-0.005173112 0.023902245 0.999700904 0.336714804 0.024154322 0.999425590 -0.023770675 -0.116342053 -0.999694884 0.024024131 -0.005747481 4.580911636
-0.015387276 0.028379807 0.999478698 0.364043504 0.023409875 0.999333262 -0.028015278 -0.116773628 -0.999607444 0.022966595 -0.016041385 4.579975128
-0.021897823 0.028045984 0.999366701 0.391828775 0.025051154 0.999307990 -0.027495416 -0.117708750 -0.999446213 0.024433205 -0.022585250 4.579223633
-0.024484908 0.025089238 0.999385297 0.421385318 0.031689037 0.999202251 -0.024308255 -0.118379876 -0.999197841 0.031074386 -0.025260426 4.578173637
-0.023771463 0.023281997 0.999446213 0.450846404 0.033353545 0.999190688 -0.022482742 -0.119510114 -0.999160886 0.032800633 -0.024528759 4.576982498
-0.022112083 0.022764882 0.999496281 0.481263250 0.031874210 0.999248624 -0.022054078 -0.120484345 -0.999247313 0.031370491 -0.022821080 4.576882362
-0.020535529 0.023307692 0.999517381 0.513366640 0.028247371 0.999342680 -0.022723267 -0.121507488 -0.999389946 0.027767105 -0.021180416 4.576484203
-0.019243885 0.024529232 0.999513865 0.545799494 0.027618200 0.999330580 -0.023992995 -0.122270077 -0.999433219 0.027143050 -0.019908460 4.576027393
-0.018345866 0.024968840 0.999519885 0.578186631 0.026901023 0.999338567 -0.024470553 -0.123921402 -0.999469697 0.026439171 -0.019005420 4.575688839
-0.017503940 0.024841372 0.999538124 0.613137364 0.026777929 0.999344349 -0.024367617 -0.124591053 -0.999488294 0.026339028 -0.018157663 4.575102329
-0.016741933 0.023845684 0.999575436 0.647652090 0.025531365 0.999399722 -0.023413867 -0.125567377 -0.999533892 0.025128532 -0.017340697 4.574590206
-0.016205158 0.022565486 0.999614000 0.682211399 0.026699401 0.999398470 -0.022127790 -0.126950890 -0.999512196 0.026330514 -0.016797898 4.573795319
-0.016660139 0.020103725 0.999659061 0.719062984 0.026706280 0.999450207 -0.019654438 -0.128165066 -0.999504507 0.026369734 -0.017187873 4.573252678
-0.017890185 0.018384989 0.999670863 0.754705131 0.024277797 0.999544144 -0.017948179 -0.129223153 -0.999545157 0.023948712 -0.018328374 4.572749615
-0.019180564 0.016860889 0.999673724 0.790605307 0.023807723 0.999581993 -0.016402543 -0.130670369 -0.999532521 0.023485353 -0.019573966 4.572365284
-0.020523453 0.014799062 0.999679863 0.828063786 0.026023889 0.999559581 -0.014263011 -0.131418809 -0.999450624 0.025722831 -0.020899544 4.571770191
-0.022127280 0.013738185 0.999660730 0.864726245 0.027017917 0.999548614 -0.013138606 -0.132126108 -0.999390006 0.026718033 -0.022488467 4.571367264
-0.023325343 0.012565332 0.999648929 0.902143657 0.024440879 0.999629319 -0.011994793 -0.133448035 -0.999429166 0.024152517 -0.023623805 4.569812298
-0.024188815 0.017177701 0.999559820 0.940770745 0.021428522 0.999631524 -0.016660377 -0.134803042 -0.999477744 0.021016091 -0.024548000 4.569779396
-0.024573362 0.022088200 0.999453902 0.978436708 0.023159372 0.999500155 -0.021519806 -0.135674030 -0.999429703 0.022617910 -0.025072627 4.568394184
-0.025943002 0.023774445 0.999380648 1.016251564 0.023075262 0.999465048 -0.023177439 -0.136820883 -0.999397159 0.022459678 -0.026477724 4.567846775
-0.027679363 0.021602273 0.999383330 1.056495905 0.019350478 0.999590635 -0.021070816 -0.138247281 -0.999429524 0.018755319 -0.028086051 4.567359924
-0.028669659 0.017582789 0.999434233 1.095112324 0.016490916 0.999717534 -0.017114714 -0.139368415 -0.999452829 0.015990915 -0.028951518 4.566452503
-0.029042240 0.011956472 0.999506652 1.133510828 0.014818298 0.999823749 -0.011529696 -0.140697122 -0.999468327 0.014476138 -0.029214295 4.565680504
-0.029546632 0.006279936 0.999543667 1.172989607 0.010864893 0.999923170 -0.005961153 -0.142114341 -0.999504328 0.010683800 -0.029612601 4.565223694
-0.030016111 0.004695061 0.999538422 1.212259173 0.008493248 0.999954164 -0.004441962 -0.143237770 -0.999513388 0.008355997 -0.030054608 4.564827919
-0.029186361 0.011919262 0.999502957 1.249928236 0.011044441 0.999871671 -0.011601152 -0.144395798 -0.999512911 0.010700355 -0.029314261 4.563851357
-0.027278978 0.023215542 0.999358237 1.288107872 0.013959995 0.999641657 -0.022841070 -0.145400658 -0.999530375 0.013327955 -0.027593290 4.562182903
-0.027161943 0.027937304 0.999240577 1.325519562 0.015444865 0.999501884 -0.027524779 -0.146718577 -0.999511719 0.014685507 -0.027579900 4.561426640
-0.025982903 0.022961600 0.999398589 1.364283085 0.016867695 0.999603868 -0.022527782 -0.147876978 -0.999520063 0.016272213 -0.026359921 4.560599327
-0.024458338 0.015089273 0.999586940 1.403198361 0.020182835 0.999689758 -0.014596980 -0.149511606 -0.999497056 0.019817483 -0.024755292 4.559347153
-0.024091575 0.012930207 0.999626160 1.441210985 0.021754798 0.999686301 -0.012406683 -0.150504425 -0.999472976 0.021447770 -0.024365315 4.558618069
-0.023950135 0.014150414 0.999612987 1.478477836 0.019859383 0.999709189 -0.013675959 -0.151038975 -0.999515891 0.019524155 -0.024224188 4.557444096
-0.024773227 0.013677795 0.999599457 1.516206145 0.017348692 0.999761641 -0.013250059 -0.153184399 -0.999542534 0.017013496 -0.025004618 4.557270527
-0.026950445 0.013982414 0.999539018 1.553512573 0.015560618 0.999786854 -0.013566324 -0.154193029 -0.999515653 0.015187826 -0.027162282 4.556785583
-0.029150441 0.014174515 0.999474525 1.590863824 0.015699560 0.999782562 -0.013720997 -0.155544773 -0.999451756 0.015291336 -0.029366639 4.556175709
-0.031678248 0.014105038 0.999398589 1.628365755 0.012967438 0.999822199 -0.013699980 -0.156603321 -0.999413967 0.012525651 -0.031855509 4.555258274
-0.033809859 0.014850201 0.999317944 1.665058851 0.011877237 0.999825001 -0.014455893 -0.157628521 -0.999357581 0.011380386 -0.033980321 4.554356575
-0.036721054 0.013848365 0.999229610 1.701709032 0.009250801 0.999865830 -0.013517221 -0.158697277 -0.999282658 0.008747309 -0.036844227 4.553894043
-0.037891969 0.012555762 0.999202967 1.738707662 0.009350928 0.999881744 -0.012209685 -0.160003096 -0.999238193 0.008880823 -0.038004890 4.551969051
-0.039878044 0.011988076 0.999132633 1.774452686 0.008927769 0.999892354 -0.011640862 -0.161692277 -0.999164701 0.008455807 -0.039980777 4.550538063
-0.041754581 0.014726942 0.999019384 1.810659766 0.010259039 0.999844968 -0.014310332 -0.161663592 -0.999075234 0.009651454 -0.041899193 4.549778938
-0.043084465 0.013967777 0.998973787 1.847229719 0.009220567 0.999865234 -0.013582568 -0.163226992 -0.999028862 0.008625907 -0.043207452 4.548485279
-0.043993670 0.011969464 0.998960078 1.882003784 0.011137047 0.999871969 -0.011489920 -0.164866433 -0.998969734 0.010619982 -0.044121347 4.546918392
-0.045045536 0.011896993 0.998914063 1.917476773 0.011555420 0.999868393 -0.011387274 -0.165697053 -0.998917997 0.011029928 -0.045177083 4.544812202
-0.046962231 0.011363748 0.998832047 1.953082442 0.009978121 0.999890745 -0.010906648 -0.166861609 -0.998846769 0.009454267 -0.047070500 4.544016361
-0.048314165 0.011607256 0.998764753 1.987708092 0.008169605 0.999903619 -0.011225294 -0.167289868 -0.998798728 0.007617171 -0.048404336 4.542653084
-0.049900614 0.009609320 0.998708010 2.021791220 0.007335545 0.999930263 -0.009254562 -0.168705583 -0.998727262 0.006864260 -0.049967617 4.541671276
-0.050215837 0.008935796 0.998698413 2.054700375 0.007304821 0.999936461 -0.008579579 -0.170012668 -0.998711646 0.006864482 -0.050277919 4.539991856
-0.050119154 0.011360378 0.998678625 2.086842537 0.007221572 0.999913275 -0.011012005 -0.171069250 -0.998717070 0.006660116 -0.050196845 4.538360119
-0.050371844 0.014610905 0.998623669 2.119318962 0.008072229 0.999866307 -0.014221912 -0.171917021 -0.998697877 0.007344733 -0.050483055 4.537137032
-0.050856583 0.016007656 0.998577654 2.151307106 0.005777356 0.999859571 -0.015733970 -0.173106089 -0.998689234 0.004968962 -0.050941922 4.535963058
-0.050671395 0.016972871 0.998571277 2.183576107 0.005947567 0.999842942 -0.016692691 -0.174077645 -0.998697817 0.005093226 -0.050764378 4.534373283
-0.050323863 0.016439164 0.998597741 2.214738369 0.007481928 0.999842644 -0.016082617 -0.175407350 -0.998704910 0.006662096 -0.050438937 4.532681942
-0.051026404 0.015544885 0.998576343 2.246963978 0.006835296 0.999860823 -0.015215606 -0.176747069 -0.998673856 0.006049166 -0.051125571 4.531366825
-0.051559478 0.015471241 0.998550057 2.278143644 0.002786335 0.999878287 -0.015347949 -0.177885294 -0.998666048 0.001990962 -0.051596314 4.530259609
-0.051112097 0.015835041 0.998567343 2.309520721 0.001032872 0.999874532 -0.015802903 -0.179022312 -0.998692393 0.000223673 -0.051122043 4.528877258
-0.051173508 0.014344920 0.998586774 2.339971066 0.002788391 0.999894977 -0.014220819 -0.180076867 -0.998685837 0.002056721 -0.051208135 4.527566910
-0.052012239 0.013671168 0.998552859 2.371342659 0.002436733 0.999904990 -0.013562758 -0.181212872 -0.998643458 0.001727777 -0.052040614 4.525841713
-0.054592144 0.013948027 0.998411238 2.401447773 -0.000042354 0.999902368 -0.013971175 -0.181622088 -0.998508692 -0.000805003 -0.054586221 4.523736000
-0.060910769 0.013297468 0.998054624 2.433202744 -0.004080276 0.999899507 -0.013571067 -0.182804406 -0.998134851 -0.004898962 -0.060850400 4.523056030
-0.066699058 0.017185092 0.997625113 2.463433981 -0.000430701 0.999850988 -0.017252229 -0.183711395 -0.997772992 -0.001580386 -0.066681728 4.520863533
-0.072879657 0.019444447 0.997151196 2.493523598 0.001759765 0.999810874 -0.019367695 -0.185029447 -0.997339189 0.000343241 -0.072900072 4.518070221
-0.080543064 0.021043165 0.996529043 2.523885965 0.000780555 0.999778152 -0.021048689 -0.186136514 -0.996750772 -0.000917480 -0.080541626 4.515867710
-0.086285308 0.020103581 0.996067643 2.555595636 -0.002956361 0.999786794 -0.020434743 -0.187379584 -0.996266067 -0.004707952 -0.086207479 4.513152122
-0.091782622 0.019568430 0.995586753 2.586991072 -0.002566449 0.999798954 -0.019887820 -0.188109666 -0.995775759 -0.004380479 -0.091713950 4.510443211
-0.096065387 0.019909028 0.995175898 2.618593454 -0.005415732 0.999774635 -0.020523818 -0.189288527 -0.995360315 -0.007361234 -0.095935926 4.507296562
-0.100174204 0.019100187 0.994786620 2.650223970 -0.007290795 0.999774754 -0.019930145 -0.190410778 -0.994943202 -0.009249272 -0.100012384 4.504437447
-0.102893293 0.016415570 0.994556963 2.682995081 -0.006888689 0.999827981 -0.017215254 -0.191070989 -0.994668543 -0.008622527 -0.102762505 4.501273155
-0.104483299 0.013699412 0.994432390 2.715510130 -0.004835436 0.999886274 -0.014282601 -0.191921026 -0.994514823 -0.006300806 -0.104405180 4.497653961
-0.105971806 0.010195528 0.994316876 2.748753548 -0.005451559 0.999926448 -0.010834060 -0.193276092 -0.994354188 -0.006568682 -0.105908424 4.494446278
-0.107786529 0.009453420 0.994129181 2.782410622 -0.007068525 0.999922216 -0.010274899 -0.194332018 -0.994148910 -0.008134522 -0.107711315 4.491405487
-0.107817411 0.013631464 0.994077206 2.815508604 -0.004760239 0.999887407 -0.014227431 -0.194998384 -0.994159341 -0.006266010 -0.107740402 4.487666607
-0.108203538 0.017825423 0.993968964 2.849389553 0.001580411 0.999841034 -0.017758690 -0.195897937 -0.994127512 -0.000350673 -0.108214520 4.483736038
-0.107540525 0.022200303 0.993952870 2.882487059 0.008067894 0.999737263 -0.021456599 -0.197265342 -0.994167984 0.005711652 -0.107691385 4.479080677
-0.109186120 0.023846095 0.993735254 2.918235302 0.009313012 0.999692798 -0.022965796 -0.198204696 -0.993977726 0.006747121 -0.109374650 4.475799561
-0.109294832 0.022058191 0.993764639 2.952543497 0.007685811 0.999742568 -0.021345593 -0.199316934 -0.993979633 0.005304923 -0.109436229 4.472054958
-0.109357916 0.017002992 0.993856966 2.987279415 0.008154689 0.999835432 -0.016207974 -0.200511158 -0.993969083 0.006332124 -0.109478571 4.468464851
-0.109805800 0.014656342 0.993844986 3.021932602 0.009931542 0.999857545 -0.013647715 -0.201972410 -0.993903458 0.008371815 -0.109935753 4.464860916
-0.110706732 0.014943087 0.993740797 3.056174755 0.010786652 0.999846101 -0.013833221 -0.202932745 -0.993794620 0.009187704 -0.110850900 4.461239815
-0.111852214 0.015482799 0.993604183 3.090706825 0.008504543 0.999857008 -0.014622854 -0.203911692 -0.993688464 0.006814552 -0.111967899 4.457380295
-0.114407249 0.015629819 0.993310988 3.124855042 0.007606826 0.999860704 -0.014856741 -0.205313608 -0.993404746 0.005856225 -0.114510208 4.453929901
-0.116637021 0.015838508 0.993048370 3.159536362 0.009813517 0.999842465 -0.014794239 -0.206414536 -0.993126154 0.008019742 -0.116774090 4.450296402
-0.118666552 0.016093642 0.992803752 3.193941593 0.009441458 0.999841750 -0.015079224 -0.207294434 -0.992889285 0.007584115 -0.118799731 4.446191311
-0.121028677 0.015727988 0.992524385 3.227892637 0.008274130 0.999855697 -0.014835217 -0.208428204 -0.992614508 0.006416790 -0.121141359 4.442238331
-0.122006610 0.015855409 0.992402554 3.264003992 0.007327264 0.999859452 -0.015073729 -0.209828705 -0.992502153 0.005432501 -0.122105651 4.437493324
-0.123883240 0.016861415 0.992153406 3.298979759 0.006645344 0.999847233 -0.016162410 -0.211521521 -0.992274523 0.004590952 -0.123976357 4.434046745
-0.124088608 0.017961366 0.992108583 3.335320950 0.007280522 0.999825716 -0.017190464 -0.212113380 -0.992244303 0.005089928 -0.124197751 4.429295540
-0.125884309 0.018391781 0.991874456 3.370166779 0.005968470 0.999823987 -0.017781697 -0.212768599 -0.992026985 0.003681537 -0.125971943 4.425515175
-0.126528874 0.016563477 0.991824627 3.406022072 0.006379621 0.999853373 -0.015883697 -0.213975966 -0.991942406 0.004317718 -0.126616001 4.420539379
-0.128186971 0.014618399 0.991642237 3.442179203 0.003266865 0.999892175 -0.014317714 -0.214424193 -0.991744578 0.001404217 -0.128220886 4.417403698
-0.129506811 0.012133675 0.991504312 3.478301048 0.000695310 0.999925971 -0.012145918 -0.215988278 -0.991578281 -0.000883577 -0.129505664 4.411930561
-0.131276593 0.011641834 0.991277456 3.513530731 0.002138856 0.999931991 -0.011460224 -0.216783583 -0.991343439 0.000615740 -0.131292611 4.407322407
-0.133360595 0.012142867 0.990993202 3.550363541 0.003671386 0.999924123 -0.011758232 -0.217957869 -0.991060734 0.002070233 -0.133395061 4.402780056
-0.135124981 0.013642470 0.990734637 3.589495659 0.002556165 0.999906600 -0.013420139 -0.218964249 -0.990825176 0.000719086 -0.135147229 4.396794319
-0.136977553 0.017437827 0.990420640 3.626671553 0.004115089 0.999846399 -0.017034654 -0.219893962 -0.990565479 0.001742304 -0.137028262 4.392281055
-0.137075618 0.021010008 0.990337729 3.662739754 0.005992769 0.999774337 -0.020380728 -0.221336111 -0.990542471 0.003141165 -0.137170628 4.386883259
-0.138191521 0.024797926 0.990094960 3.701597691 0.006906264 0.999686241 -0.024074215 -0.222801089 -0.990381420 0.003511004 -0.138319418 4.381426811
-0.137723625 0.026143190 0.990125597 3.739033222 0.008990133 0.999643385 -0.025143996 -0.223813683 -0.990429878 0.005438440 -0.137909546 4.375937939
-0.137365237 0.025224982 0.990199208 3.776674747 0.012047832 0.999644220 -0.023794260 -0.225268573 -0.990447104 0.008661249 -0.137620270 4.370678902
-0.137193888 0.023096822 0.990274847 3.817487717 0.013260204 0.999681354 -0.021479128 -0.227159947 -0.990455449 0.010184444 -0.137456417 4.365345001
-0.136225820 0.022035124 0.990432739 3.855917215 0.012604546 0.999710262 -0.020507880 -0.228159040 -0.990597606 0.009690252 -0.136464059 4.360291481
-0.134648591 0.019231448 0.990706742 3.895425320 0.011953704 0.999770403 -0.017782744 -0.229718193 -0.990821362 0.009448195 -0.134847566 4.355439663
-0.132918745 0.016018150 0.990997493 3.936054707 0.012045261 0.999821782 -0.014545196 -0.230960995 -0.991053760 0.010003494 -0.133087948 4.349772930
-0.130782083 0.012761308 0.991328955 3.975864410 0.013269191 0.999850154 -0.011120451 -0.232002333 -0.991322279 0.011699777 -0.130931824 4.344502449
-0.129770249 0.012494930 0.991465271 4.016164780 0.011011506 0.999877036 -0.011159671 -0.233469948 -0.991482973 0.009469332 -0.129891872 4.339893341
-0.127994791 0.016339760 0.991640210 4.055750370 0.012197972 0.999814570 -0.014900014 -0.234912634 -0.991699874 0.010188876 -0.128170371 4.334732533
-0.126308456 0.022870291 0.991727293 4.095907688 0.013127809 0.999685168 -0.021381823 -0.236206323 -0.991904140 0.010318500 -0.126568913 4.329964638
-0.124664620 0.026275607 0.991850972 4.135598183 0.011260986 0.999622405 -0.025066100 -0.237516463 -0.992135048 0.008044364 -0.124913439 4.325142384
-0.123402297 0.023851907 0.992069960 4.175875664 0.008903380 0.999697626 -0.022927804 -0.238790005 -0.992316782 0.006003432 -0.123577334 4.320652962
-0.122027092 0.021306366 0.992297947 4.215073586 0.009097390 0.999751627 -0.020347659 -0.240367383 -0.992484987 0.006544356 -0.122190624 4.315459728
-0.121592939 0.019511888 0.992388368 4.255829811 0.010227577 0.999778330 -0.018404044 -0.242141545 -0.992527306 0.007911926 -0.121765569 4.311006546
-0.120856255 0.019348389 0.992481470 4.295260429 0.010185377 0.999781549 -0.018250413 -0.243543997 -0.992617786 0.007903120 -0.121026926 4.306280136
-0.120427467 0.019073559 0.992538869 4.336533546 0.009040227 0.999794960 -0.018116122 -0.245065778 -0.992681086 0.006791097 -0.120575182 4.301649570
-0.119509339 0.017242800 0.992683351 4.376481056 0.012318067 0.999797940 -0.015883407 -0.246596366 -0.992756724 0.010329726 -0.119697593 4.296634197
