1.000000000 0.000000000 0.000000000 0.000000000 0.000000000 1.000000000 0.000000000 0.000000000 0.000000000 0.000000000 1.000000000 0.000000000
0.999997675 -0.001599825 -0.001439228 -0.002630060 0.001598455 0.999998271 -0.000952985 -0.007450947 0.001440750 0.000950682 0.999998510 0.564419806
0.999995470 -0.001813145 -0.002412399 -0.007832281 0.001806864 0.999994993 -0.002603235 -0.017368607 0.002417107 0.002598864 0.999993682 1.119613528
0.999986470 -0.002514197 -0.004554735 -0.009041542 0.002498004 0.999990523 -0.003557534 -0.035115343 0.004563636 0.003546108 0.999983311 1.684715748
0.999970138 -0.004359939 -0.006381901 -0.019950004 0.004324727 0.999975383 -0.005520832 -0.041541092 0.006405815 0.005493067 0.999964416 2.251803875
0.999946296 -0.006890967 -0.007743198 -0.025875095 0.006834107 0.999949813 -0.007345663 -0.059710190 0.007793425 0.007292352 0.999943018 2.806606531
0.999924421 -0.008112549 -0.009231731 -0.032517392 0.008039304 0.999936104 -0.007943417 -0.072884887 0.009295582 0.007868600 0.999925852 3.379456282
0.999911368 -0.008067284 -0.010588709 -0.043846309 0.007990061 0.999941289 -0.007314942 -0.084988095 0.010647097 0.007229690 0.999917209 3.961352587
0.999897182 -0.008497824 -0.011543731 -0.055979367 0.008408816 0.999934733 -0.007737205 -0.099633843 0.011608725 0.007639342 0.999903381 4.553636551
0.999886394 -0.007929859 -0.012828520 -0.065348208 0.007794279 0.999913573 -0.010584511 -0.113442302 0.012911348 0.010483320 0.999861658 5.146963120
0.999883175 -0.006244516 -0.013951664 -0.082478419 0.006043534 0.999878049 -0.014401591 -0.128040925 0.014039895 0.014315591 0.999798954 5.748863697
0.999868751 -0.005098590 -0.015379176 -0.095781088 0.004820169 0.999824822 -0.018086800 -0.140948042 0.015468701 0.018010296 0.999718130 6.364384174
0.999858201 -0.003192096 -0.016537583 -0.115223028 0.002892604 0.999831975 -0.018102128 -0.155360341 0.016592588 0.018051725 0.999699414 6.998482227
0.999839067 -0.000967193 -0.017912222 -0.123892270 0.000764885 0.999935806 -0.011297806 -0.164079949 0.017921995 0.011282287 0.999775708 7.631790161
0.999832273 0.000107904 -0.018311009 -0.143262029 -0.000118943 0.999999762 -0.000601788 -0.178706929 0.018310938 0.000603866 0.999832153 8.288165092
0.999814153 0.000737011 -0.019262569 -0.161947131 -0.000619665 0.999981225 0.006097178 -0.190511703 0.019266700 -0.006084110 0.999795914 8.976370811
0.999777198 0.003224795 -0.020859711 -0.176317692 -0.003121246 0.999982595 0.004994787 -0.205269545 0.020875454 -0.004928567 0.999769866 9.657120705
0.999758720 0.005170121 -0.021344995 -0.203422561 -0.005217816 0.999983966 -0.002179360 -0.211744145 0.021333389 0.002290208 0.999769747 10.348744392
0.999733329 0.004719832 -0.022604482 -0.222047001 -0.004900872 0.999956310 -0.007960402 -0.212370366 0.022565922 0.008069061 0.999712706 11.060351372
0.999713778 0.002471935 -0.023795990 -0.236977667 -0.002629782 0.999974787 -0.006604300 -0.212358832 0.023779061 0.006664989 0.999695003 11.795506477
0.999707937 0.001915871 -0.024089335 -0.258899838 -0.001851328 0.999994576 0.002701326 -0.225724995 0.024094382 -0.002655940 0.999706149 12.551859856
0.999703884 0.001482034 -0.024290178 -0.282161087 -0.001235876 0.999947786 0.010145921 -0.230980113 0.024303945 -0.010112897 0.999653459 13.325348854
0.999688566 0.000686120 -0.024946224 -0.306515813 -0.000371393 0.999920368 0.012618681 -0.232831255 0.024952898 -0.012605487 0.999609172 14.116734505
0.999683440 -0.001299455 -0.025131308 -0.326388478 0.001591253 0.999931574 0.011594448 -0.231927320 0.025114521 -0.011630766 0.999616921 14.921238899
0.999694884 -0.001676644 -0.024645101 -0.348448455 0.001904693 0.999955535 0.009232803 -0.235498548 0.024628526 -0.009276927 0.999653637 15.752643585
0.999710798 0.001062424 -0.024021767 -0.374502271 -0.000919539 0.999981821 0.005958431 -0.237126321 0.024027660 -0.005934618 0.999693751 16.589534760
0.999725878 -0.002235282 -0.023302808 -0.394780159 0.002237165 0.999997437 0.000054728 -0.238934621 0.023302628 -0.000106845 0.999728501 17.447761536
0.999735296 -0.005049091 -0.022444468 -0.414246023 0.004912542 0.999969125 -0.006134819 -0.249445409 0.022474749 0.006022936 0.999729335 18.315309525
0.999760091 -0.004122700 -0.021511832 -0.434338152 0.003877886 0.999927402 -0.011409747 -0.264700294 0.021557309 0.011323587 0.999703586 19.227869034
0.999772966 -0.002911838 -0.021105940 -0.461972505 0.002652682 0.999920905 -0.012296427 -0.279087663 0.021140072 0.012237648 0.999701679 20.133867264
0.999756038 -0.002866339 -0.021897649 -0.480003029 0.002610033 0.999927819 -0.011724365 -0.297835052 0.021929678 0.011664353 0.999691486 21.072065353
0.999760747 -0.001049633 -0.021847969 -0.508218169 0.000764732 0.999914646 -0.013044449 -0.323233694 0.021859795 0.013024621 0.999676228 22.012273788
0.999767959 0.002021904 -0.021447260 -0.535947084 -0.002347781 0.999881983 -0.015180084 -0.346213877 0.021414040 0.015226915 0.999654651 22.951723099
0.999748349 0.005244721 -0.021812310 -0.562491238 -0.005594415 0.999856234 -0.016001986 -0.369533896 0.021725254 0.016119985 0.999633908 23.917222977
0.999742985 0.006965518 -0.021577461 -0.599660277 -0.007309705 0.999846697 -0.015913658 -0.396014154 0.021463305 0.016067293 0.999640465 24.898689270
0.999728143 0.008071249 -0.021874476 -0.625978410 -0.008423726 0.999835491 -0.016069617 -0.422016114 0.021741172 0.016249515 0.999631524 25.871480942
0.999720216 0.007538266 -0.022421125 -0.640842915 -0.007902903 0.999837220 -0.016219126 -0.445475608 0.022295212 0.016391778 0.999617040 26.842054367
0.999708474 0.008650695 -0.022537887 -0.674696386 -0.008985891 0.999849916 -0.014813964 -0.482980460 0.022406349 0.015012170 0.999636173 27.855129242
0.999695480 0.009380668 -0.022824204 -0.702315390 -0.009667900 0.999875128 -0.012506830 -0.512365699 0.022704029 0.012723682 0.999661207 28.873569489
0.999685287 0.009945721 -0.023031620 -0.731953263 -0.010207423 0.999884367 -0.011273242 -0.541238427 0.022916835 0.011504785 0.999671161 29.890987396
0.999673188 0.010439932 -0.023331864 -0.754526317 -0.010731797 0.999865294 -0.012419295 -0.565365314 0.023199065 0.012665629 0.999650657 30.927839279
0.999670744 0.011098219 -0.023134081 -0.793029428 -0.011410403 0.999844968 -0.013406442 -0.598337352 0.022981709 0.013665996 0.999642491 31.951820374
0.999664903 0.010693373 -0.023572829 -0.821929634 -0.010988746 0.999862254 -0.012436519 -0.625320852 0.023436595 0.012691390 0.999644756 32.986549377
0.999648988 0.010540050 -0.024309730 -0.849493325 -0.010784583 0.999892294 -0.009949910 -0.647953510 0.024202241 0.010208589 0.999654949 34.041538239
0.999639690 0.010544951 -0.024684448 -0.887195468 -0.010695005 0.999925017 -0.005954762 -0.677497268 0.024619807 0.006216617 0.999677598 35.083877563
0.999630690 0.010270491 -0.025159465 -0.912335396 -0.010371118 0.999938667 -0.003872383 -0.698166192 0.025118152 0.004131884 0.999675930 36.178386688
0.999617875 0.010518775 -0.025562633 -0.945793211 -0.010611575 0.999937534 -0.003497389 -0.715150416 0.025524247 0.003767312 0.999667048 37.248661041
0.999599755 0.009871527 -0.026510147 -0.971380889 -0.009998304 0.999939144 -0.004653917 -0.740770340 0.026462594 0.004917111 0.999637663 38.342185974
0.999585688 0.010344567 -0.026859758 -1.014314294 -0.010495954 0.999929786 -0.005501343 -0.755451202 0.026800964 0.005780982 0.999624014 39.419029236
0.999572277 0.009468762 -0.027670620 -1.048016071 -0.009585571 0.999945700 -0.004091813 -0.784134507 0.027630370 0.004355300 0.999608696 40.497665405
0.999542952 0.010148293 -0.028477428 -1.085631132 -0.010222771 0.999944687 -0.002471003 -0.798354506 0.028450778 0.002760991 0.999591410 41.584232330
0.999539733 0.009510825 -0.028811857 -1.128176570 -0.009494669 0.999954700 0.000697611 -0.829316497 0.028817190 -0.000423730 0.999584556 42.675758362
0.999508500 0.011291100 -0.029248418 -1.171590567 -0.011281220 0.999936223 0.000502811 -0.850198746 0.029252229 -0.000172606 0.999572039 43.752758026
0.999489546 0.013090944 -0.029142346 -1.226625919 -0.013196483 0.999907017 -0.003432178 -0.869180202 0.029094705 0.003815002 0.999569416 44.834144592
0.999464929 0.013582563 -0.029755348 -1.239260197 -0.013817269 0.999874890 -0.007696485 -0.888492346 0.029647088 0.008103504 0.999527574 45.923915863
0.999449790 0.014079988 -0.030031165 -1.275809765 -0.014333243 0.999863327 -0.008234546 -0.909561455 0.029911118 0.008660458 0.999515057 47.007530212
0.999473751 0.014598947 -0.028966578 -1.326354623 -0.014763078 0.999876022 -0.005460368 -0.935916185 0.028883271 0.005885130 0.999565482 48.081077576
0.999443054 0.015123058 -0.029747710 -1.355020523 -0.015223224 0.999879122 -0.003143494 -0.963056922 0.029696578 0.003594599 0.999552429 49.186832428
0.999479115 0.012631547 -0.029697541 -1.381770015 -0.012685346 0.999918222 -0.001623947 -0.989722967 0.029674595 0.001999825 0.999557614 50.288757324
0.999507606 0.012661078 -0.028714269 -1.425635695 -0.012733215 0.999916136 -0.002330724 -1.013629436 0.028682355 0.002695201 0.999584973 51.374057770
0.999513865 0.011785605 -0.028864341 -1.458432436 -0.011910350 0.999920368 -0.004153712 -1.033744812 0.028813090 0.004495477 0.999574661 52.467624664
0.999522567 0.011508491 -0.028673964 -1.491530776 -0.011704904 0.999909103 -0.006691529 -1.052767158 0.028594349 0.007023961 0.999566436 53.542304993
0.999538541 0.010477569 -0.028514277 -1.524860740 -0.010742026 0.999900639 -0.009137265 -1.079295874 0.028415708 0.009439352 0.999551654 54.637947083
0.999553442 0.008901392 -0.028524566 -1.557695627 -0.009253112 0.999882460 -0.012222296 -1.113967061 0.028412418 0.012480780 0.999518335 55.722885132
0.999575734 0.007209012 -0.028221209 -1.588225842 -0.007608205 0.999872148 -0.014063383 -1.147007823 0.028116221 0.014272130 0.999502718 56.803375244
0.999591172 0.005852260 -0.027988072 -1.624611378 -0.006182903 0.999911904 -0.011741781 -1.178754926 0.027916895 0.011910028 0.999539256 57.893268585
0.999599755 0.004343339 -0.027957277 -1.653646946 -0.004506695 0.999973059 -0.005782623 -1.204796553 0.027931415 0.005906302 0.999592364 58.990295410
0.999608338 0.002501143 -0.027873490 -1.678458691 -0.002505430 0.999996841 -0.000118891 -1.225026727 0.027873104 0.000188679 0.999611437 60.079227448
0.999608040 0.000861934 -0.027983192 -1.709102511 -0.000852577 0.999999583 0.000346302 -1.241587281 0.027983477 -0.000322309 0.999608397 61.170299530
0.999620080 -0.002236691 -0.027471114 -1.741759300 0.002169819 0.999994636 -0.002463828 -1.261625171 0.027476480 0.002403284 0.999619544 62.260803223
0.999617934 -0.004012248 -0.027347922 -1.777120471 0.003852226 0.999975145 -0.005901542 -1.280577302 0.027370922 0.005793937 0.999608576 63.351013184
0.999627352 -0.001901221 -0.027230155 -1.817704320 0.001634302 0.999950409 -0.009821207 -1.307508945 0.027247475 0.009773046 0.999580979 64.438133240
0.999630094 -0.001701004 -0.027144803 -1.851589203 0.001318055 0.999899447 -0.014119303 -1.335960746 0.027166091 0.014078300 0.999531865 65.517898560
0.999649107 0.000956748 -0.026472637 -1.889486074 -0.001348936 0.999889553 -0.014800961 -1.365391254 0.026455557 0.014831479 0.999539971 66.620582581
0.999664426 0.004838025 -0.025447873 -1.934525847 -0.005125477 0.999923646 -0.011242647 -1.394364834 0.025391536 0.011369306 0.999612927 67.721656799
0.999648333 0.006526597 -0.025702516 -1.965036750 -0.006763211 0.999935448 -0.009129778 -1.424978733 0.025641268 0.009300401 0.999628007 68.824340820
0.999651372 0.006275096 -0.025647739 -1.992913365 -0.006488108 0.999945223 -0.008230550 -1.455292463 0.025594685 0.008394088 0.999637127 69.908821106
0.999664783 0.004681208 -0.025465308 -2.023992777 -0.004869239 0.999961376 -0.007326873 -1.484569788 0.025430026 0.007448414 0.999648869 71.001411438
0.999658823 0.003515295 -0.025879599 -2.055030346 -0.003670169 0.999975622 -0.005939343 -1.509853721 0.025858087 0.006032299 0.999647558 72.104217529
0.999659538 0.002062526 -0.026009755 -2.090563536 -0.002171578 0.999988914 -0.004165197 -1.529630423 0.026000882 0.004220261 0.999653041 73.192871094
0.999626696 0.001044574 -0.027298097 -2.110218763 -0.001115527 0.999996006 -0.002584094 -1.554792762 0.027295291 0.002613581 0.999624014 74.284461975
0.999622703 0.000001167 -0.027466908 -2.147916079 -0.000097464 0.999993861 -0.003504583 -1.586507559 0.027466739 0.003505938 0.999616563 75.387191772
0.999598742 0.000393496 -0.028324224 -2.179900885 -0.000599356 0.999973416 -0.007259857 -1.612305641 0.028320616 0.007273920 0.999572396 76.465530396
0.999575317 0.000723905 -0.029131321 -2.209882498 -0.001003277 0.999953687 -0.009576600 -1.633570910 0.029123036 0.009601761 0.999529719 77.544227600
0.999559522 0.002858874 -0.029536601 -2.251780987 -0.003082198 0.999966979 -0.007518170 -1.666921735 0.029514134 0.007605898 0.999535382 78.630340576
0.999537826 0.003543779 -0.030189399 -2.291691780 -0.003650636 0.999987304 -0.003485198 -1.687245011 0.030176660 0.003593800 0.999538064 79.708763123
0.999516308 0.005022606 -0.030690435 -2.328466654 -0.005000151 0.999987185 0.000808364 -1.717314363 0.030694099 -0.000654516 0.999528527 80.779060364
0.999488473 0.006230547 -0.031368095 -2.371358156 -0.006184947 0.999979734 0.001550540 -1.736830831 0.031377118 -0.001355737 0.999506712 81.848266602
0.999474704 0.006229084 -0.031803444 -2.413882494 -0.006259523 0.999980032 -0.000857609 -1.752227783 0.031797461 0.001056233 0.999493718 82.915107727
0.999465227 0.006016938 -0.032141309 -2.454439402 -0.006069569 0.999980390 -0.001540204 -1.776151896 0.032131411 0.001734464 0.999482155 83.986480713
0.999441445 0.005345953 -0.032989647 -2.487631798 -0.005411115 0.999983549 -0.001886252 -1.796684742 0.032979019 0.002063709 0.999453902 85.040542603
0.999423027 0.004134724 -0.033713277 -2.528188705 -0.004190877 0.999989927 -0.001595122 -1.815367579 0.033706348 0.001735490 0.999430239 86.082389832
0.999413788 0.003045344 -0.034100037 -2.563805342 -0.003049456 0.999995351 -0.000068585 -1.839944601 0.034099668 0.000172532 0.999418437 87.105201721
0.999404788 0.003333064 -0.034336042 -2.606517792 -0.003241189 0.999991000 0.002731075 -1.862244725 0.034344837 -0.002618160 0.999406636 88.109832764
0.999375105 0.002215555 -0.035275444 -2.652117968 -0.002083844 0.999990702 0.003770117 -1.885326385 0.035283472 -0.003694253 0.999370515 89.086708069
0.999287188 0.000935248 -0.037737031 -2.687399626 -0.000790373 0.999992251 0.003853801 -1.903175592 0.037740346 -0.003821228 0.999280274 90.056022644
0.999157548 -0.000033024 -0.041039348 -2.728977203 0.000153073 0.999995649 0.002922080 -1.922292113 0.041039072 -0.002925900 0.999153316 90.988372803
0.999013364 -0.000204788 -0.044409133 -2.776579380 0.000290930 0.999998093 0.001933289 -1.940523148 0.044408653 -0.001944302 0.999011517 91.910171509
0.998874843 -0.000067235 -0.047423158 -2.826689243 0.000178449 0.999997258 0.002340921 -1.958084822 0.047422860 -0.002346749 0.998872101 92.800292969
0.998725712 0.001005365 -0.050455630 -2.877732038 -0.000820081 0.999992907 0.003692769 -1.978339195 0.050458975 -0.003646687 0.998719454 93.664916992
0.998562217 0.001580843 -0.053582013 -2.930488586 -0.001334505 0.999988377 0.004632877 -1.994871616 0.053588714 -0.004554710 0.998552680 94.510192871
0.998383164 0.003023837 -0.056761719 -2.981050968 -0.002675539 0.999977171 0.006211125 -2.010159492 0.056779198 -0.006049215 0.998368442 95.327751160
0.998239458 0.004069224 -0.059173174 -3.038459539 -0.003660377 0.999968648 0.007016087 -2.025763035 0.059199873 -0.006787139 0.998223066 96.117736816
0.998068869 0.006311759 -0.061795950 -3.092425108 -0.005869268 0.999955833 0.007339415 -2.040219784 0.061839558 -0.006962543 0.998061836 96.892097473
0.997852743 0.007975798 -0.065010056 -3.140439034 -0.007603949 0.999953270 0.005965271 -2.051484108 0.065054595 -0.005458129 0.997866750 97.623504639
0.997701228 0.009341590 -0.067119867 -3.203081846 -0.009184589 0.999954343 0.002647317 -2.074802637 0.067141533 -0.002024763 0.997741461 98.312477112
0.997508466 0.011881316 -0.069540530 -3.264704943 -0.011981607 0.999927640 -0.001025263 -2.086895466 0.069523335 0.001855917 0.997578621 98.992630005
0.997330308 0.013926943 -0.071683049 -3.313195229 -0.014250825 0.999890447 -0.004008794 -2.102830172 0.071619369 0.005019634 0.997419417 99.628730774
0.997258306 0.015595017 -0.072336741 -3.369291067 -0.015990745 0.999860168 -0.004894794 -2.119069099 0.072250284 0.006038092 0.997368276 100.259933472
0.997285366 0.018061742 -0.071384303 -3.422695875 -0.018433042 0.999819815 -0.004546039 -2.132964611 0.071289331 0.005849527 0.997438610 100.845138550
0.997425318 0.022079868 -0.068228602 -3.473076820 -0.022329699 0.999746442 -0.002901122 -2.151308775 0.068147250 0.004417176 0.997665524 101.415054321
0.997705758 0.024305547 -0.063186444 -3.500826597 -0.024447026 0.999700069 -0.001466804 -2.165910721 0.063131839 0.003008159 0.998000681 101.959388733
0.998102188 0.025459997 -0.056069825 -3.527215481 -0.025468463 0.999675453 0.000563641 -2.179015398 0.056065984 0.000865441 0.998426795 102.482826233
0.998599529 0.025048615 -0.046600629 -3.540840626 -0.024929060 0.999684274 0.003145008 -2.195362091 0.046664689 -0.001978893 0.998908699 102.980705261
0.999094546 0.024673028 -0.034660082 -3.555620909 -0.024531044 0.999688923 0.004515788 -2.210021496 0.034760717 -0.003661451 0.999388933 103.462776184
0.999497890 0.023617217 -0.021120358 -3.557326794 -0.023527009 0.999712944 0.004509445 -2.218864202 0.021220796 -0.004010281 0.999766767 103.912025452
0.999706924 0.023506666 -0.005802186 -3.551071882 -0.023485605 0.999717355 0.003671123 -2.229794025 0.005886843 -0.003533779 0.999976397 104.349708557
0.999683261 0.021964716 0.012285957 -3.537371635 -0.021974655 0.999758363 0.000675033 -2.239170790 -0.012268156 -0.000944799 0.999924242 104.776428223
0.999208450 0.021724772 0.033326153 -3.503048182 -0.021611592 0.999759436 -0.003752645 -2.253690958 -0.033399664 0.003029442 0.999437451 105.189094543
0.998169124 0.019537222 0.057243370 -3.451348305 -0.019083397 0.999782026 -0.008463919 -2.264575720 -0.057396248 0.007356025 0.998324394 105.596885681
0.996288836 0.017300088 0.084317081 -3.395124435 -0.016390322 0.999799907 -0.011470148 -2.271935940 -0.084498636 0.010045595 0.996372879 105.992027283
0.993339777 0.014518657 0.114304103 -3.322221756 -0.013200879 0.999837518 -0.012277222 -2.286654234 -0.114463776 0.010686536 0.993369937 106.392761230
0.989123225 0.011874451 0.146608919 -3.241025925 -0.009947209 0.999854326 -0.013871636 -2.303431034 -0.146752253 0.012262408 0.989097238 106.760215759
0.983151734 0.009541960 0.182542011 -3.156965256 -0.006884122 0.999860942 -0.015188269 -2.318865776 -0.182661548 0.013675731 0.983080745 107.086090088
0.975230932 0.006430549 0.221095800 -3.039859772 -0.003054308 0.999873579 -0.015608982 -2.331397295 -0.221168175 0.014547067 0.975127220 107.449768066
0.965184152 0.004255071 0.261536598 -2.922018051 -0.000008254 0.999868155 -0.016236901 -2.346494913 -0.261571199 0.015669441 0.965057015 107.796264648
0.952974439 0.004918199 0.303010941 -2.784219742 0.000213933 0.999857128 -0.016901610 -2.365509033 -0.303050756 0.016171625 0.952837169 108.130165100
0.937533438 0.007337243 0.347818017 -2.650672913 -0.001410741 0.999849439 -0.017289277 -2.376371384 -0.347892553 0.015718594 0.937402546 108.445129395
0.919701099 0.007643775 0.392544806 -2.479320526 -0.001353206 0.999866188 -0.016299309 -2.383843899 -0.392616808 0.014459298 0.919588506 108.769828796
0.899461627 0.006406596 0.436952859 -2.296020508 0.000014719 0.999892056 -0.014690701 -2.397730350 -0.436999857 0.013220154 0.899364412 109.073143005
0.876225293 0.005605241 0.481869042 -2.102222443 0.001936693 0.999883235 -0.015152598 -2.408519745 -0.481897712 0.014210322 0.876112223 109.359191895
0.851174414 0.006597259 0.524841666 -1.881549835 0.002936793 0.999845445 -0.017330874 -2.422598362 -0.524874926 0.016292946 0.851023436 109.646942139
0.823511243 0.008399099 0.567237735 -1.658935547 0.003818445 0.999785662 -0.020347435 -2.441811562 -0.567287028 0.018922310 0.823302746 109.912948608
0.792684734 0.012617398 0.609501183 -1.418537140 0.002643898 0.999705255 -0.024133597 -2.462910652 -0.609626055 0.020741792 0.792417705 110.194046021
0.758482397 0.019082695 0.651414096 -1.168708801 -0.000995665 0.999603987 -0.028123347 -2.472413778 -0.651692748 0.020682471 0.758200943 110.450134277
0.721035480 0.023642723 0.692494512 -0.897922516 -0.002792831 0.999508679 -0.031216675 -2.477161646 -0.692892373 0.020574313 0.720747411 110.694030762
0.681692600 0.024132024 0.731240571 -0.603404999 -0.001192661 0.999491155 -0.031872842 -2.492903471 -0.731637895 0.020855360 0.681374550 110.919830322
0.640896916 0.021199809 0.767334104 -0.289642334 0.003335450 0.999532223 -0.030400801 -2.504953861 -0.767619669 0.022043183 0.640526474 111.118766785
0.596961260 0.019459488 0.802034020 0.036376953 0.004602754 0.999606311 -0.027678991 -2.511544704 -0.802256823 0.020214850 0.596636593 111.314605713
0.549982607 0.018185172 0.834978104 0.361965179 0.003826371 0.999697566 -0.024292983 -2.536898136 -0.835167348 0.016555654 0.549746692 111.494354248
0.501830339 0.015653992 0.864824355 0.720130920 0.005460318 0.999758959 -0.021264862 -2.546198130 -0.864948750 0.015393568 0.501623988 111.658531189
0.451069891 0.011978073 0.892408192 1.089672089 0.008375736 0.999809086 -0.017653164 -2.554063797 -0.892449379 0.015437385 0.450883538 111.802696228
0.398372203 0.011749760 0.917148530 1.450073242 0.004818647 0.999877334 -0.014902636 -2.580069542 -0.917211175 0.010356212 0.398266822 111.938369751
0.347348988 0.017329162 0.937575817 1.846347809 0.000931860 0.999822378 -0.018824888 -2.582270622 -0.937735498 0.007412493 0.347271025 112.054054260
0.296439320 0.022375857 0.954789460 2.230232239 -0.000903377 0.999731600 -0.023148617 -2.601827860 -0.955051243 0.005999624 0.296379954 112.152656555
0.249879077 0.024762500 0.967960358 2.636360168 0.000479889 0.999669552 -0.025697574 -2.611188650 -0.968276918 0.006885797 0.249784589 112.221397400
0.208609134 0.024215823 0.977699220 3.056846619 0.007408665 0.999625564 -0.026339667 -2.628728867 -0.977971017 0.012738143 0.208351612 112.270500183
0.173485711 0.023941034 0.984545350 3.491998672 0.016099222 0.999501884 -0.027141560 -2.639315605 -0.984704792 0.020559087 0.173013851 112.306869507
0.142972961 0.025273252 0.989403784 3.946928978 0.020210152 0.999390841 -0.028448811 -2.652119637 -0.989520252 0.024063414 0.142375082 112.343132019
0.114523530 0.023324626 0.993146598 4.418227196 0.018133935 0.999508679 -0.025565132 -2.672111034 -0.993255019 0.020937467 0.114044294 112.391441345
0.089180931 0.020187266 0.995810807 4.932134628 0.012076543 0.999699056 -0.021347620 -2.681647778 -0.995942175 0.013929754 0.088910297 112.437599182
0.065643825 0.016229503 0.997711003 5.409007072 0.006331509 0.999840796 -0.016680723 -2.699307919 -0.997823060 0.007412001 0.065530591 112.462661743
0.043046102 0.013709208 0.998978972 5.934570312 0.010474767 0.999844611 -0.014172450 -2.717211008 -0.999018252 0.011074141 0.042895809 112.467292786
0.022805560 0.014585909 0.999633431 6.471391678 0.017993949 0.999725521 -0.014997764 -2.731835842 -0.999577999 0.018329384 0.022536848 112.451858521
0.005457789 0.017002665 0.999840498 7.023902416 0.023091249 0.999586642 -0.017124398 -2.747241497 -0.999718428 0.023181032 0.005062915 112.433082581
-0.009480566 0.022203764 0.999708414 7.639608383 0.022360535 0.999508083 -0.021987261 -2.763251781 -0.999705017 0.022145566 -0.009972401 112.445854187
-0.019844575 0.027319243 0.999429703 8.233392715 0.020962313 0.999418199 -0.026902707 -2.762210131 -0.999583304 0.020416485 -0.020405706 112.429397583
-0.026574083 0.026741233 0.999289036 8.851697922 0.022944704 0.999395072 -0.026133899 -2.781364918 -0.999383450 0.022233911 -0.027171582 112.412368774
-0.029098107 0.023966711 0.999289155 9.492695808 0.028979145 0.999312520 -0.023123436 -2.796504974 -0.999156415 0.028285701 -0.029772639 112.384834290
-0.028748607 0.022189489 0.999340355 10.153752327 0.029907525 0.999325097 -0.021328781 -2.821544647 -0.999139130 0.029274620 -0.029392838 112.365959167
-0.026310226 0.021675743 0.999418795 10.831970215 0.028902002 0.999363422 -0.020913679 -2.847397327 -0.999236047 0.028334957 -0.026919946 112.344139099
-0.024751240 0.022172270 0.999447703 11.513907433 0.025729723 0.999436915 -0.021534842 -2.865984678 -0.999362469 0.025182500 -0.025307788 112.329696655
-0.023679474 0.023273814 0.999448657 12.228364944 0.024769429 0.999435663 -0.022686664 -2.883686304 -0.999412715 0.024218565 -0.024242591 112.325714111
-0.022768755 0.024067691 0.999451041 12.961944580 0.024149390 0.999431729 -0.023517068 -2.908434391 -0.999449015 0.023600677 -0.023337040 112.310935974
-0.022091543 0.023902209 0.999470234 13.712764740 0.023424763 0.999452114 -0.023384012 -2.926049232 -0.999481499 0.022895763 -0.022639342 112.302978516
-0.021536136 0.022502869 0.999514759 14.468624115 0.022688862 0.999500155 -0.022013670 -2.950902700 -0.999510586 0.022203760 -0.022035941 112.292884827
-0.020765861 0.020975694 0.999564230 15.233846664 0.023438174 0.999515355 -0.020487739 -2.982432365 -0.999509513 0.023002515 -0.021247430 112.270492554
-0.021397669 0.018731257 0.999595523 16.019231796 0.023731846 0.999552310 -0.018222433 -3.005446196 -0.999489367 0.023332329 -0.021832619 112.258872986
-0.022910297 0.016917881 0.999594331 16.800998688 0.020567775 0.999653280 -0.016447470 -3.034200668 -0.999525905 0.020182615 -0.023250315 112.250656128
-0.023512457 0.016011039 0.999595344 17.593257904 0.021354159 0.999651670 -0.015509649 -3.051062584 -0.999495447 0.020980848 -0.023846168 112.224304199
-0.024656488 0.013806413 0.999600708 18.391214371 0.023583531 0.999634326 -0.013225160 -3.065106630 -0.999417722 0.023248028 -0.024973080 112.202964783
-0.026149286 0.012036506 0.999585629 19.210239410 0.025066283 0.999621034 -0.011381197 -3.089537144 -0.999343753 0.024758287 -0.026441086 112.188392639
-0.027741350 0.010898224 0.999555767 20.031677246 0.022530986 0.999693334 -0.010274408 -3.118186712 -0.999361157 0.022235952 -0.027978389 112.165786743
-0.028419396 0.015747767 0.999471962 20.856117249 0.019144159 0.999701023 -0.015207024 -3.139445305 -0.999412775 0.018701874 -0.028712377 112.144638062
-0.029271822 0.020303419 0.999365211 21.691242218 0.020574881 0.999594033 -0.019705418 -3.162399530 -0.999359727 0.019985003 -0.029677683 112.124183655
-0.030486386 0.022188287 0.999288857 22.530750275 0.020576444 0.999555647 -0.021566464 -3.184001684 -0.999323368 0.019904327 -0.030929392 112.101440430
-0.032319706 0.019743443 0.999282539 23.371730804 0.016970733 0.999671578 -0.019202245 -3.215763330 -0.999333560 0.016337946 -0.032644145 112.086685181
-0.033112019 0.015601040 0.999329805 24.220848083 0.014345495 0.999782562 -0.015132777 -3.243119240 -0.999348700 0.013834804 -0.033328615 112.068481445
-0.033197250 0.010175491 0.999397039 25.074872971 0.012868118 0.999869585 -0.009752859 -3.268880844 -0.999365926 0.012536591 -0.033323873 112.043495178
-0.033297215 0.004195786 0.999436677 25.924804688 0.009283678 0.999949336 -0.003888643 -3.293048143 -0.999402344 0.009148967 -0.033334486 112.021583557
-0.033425789 0.002778976 0.999437332 26.774644852 0.006416056 0.999976099 -0.002565891 -3.318964481 -0.999420524 0.006326680 -0.033442825 112.008201599
-0.032557469 0.009755907 0.999422371 27.611139297 0.008791723 0.999916494 -0.009474331 -3.347276449 -0.999431193 0.008478183 -0.032640517 111.974319458
-0.031086519 0.020832866 0.999299586 28.440034866 0.011589509 0.999723077 -0.020481165 -3.369666576 -0.999449492 0.010944702 -0.031319354 111.942893982
-0.030825781 0.026502643 0.999173343 29.274848938 0.013603205 0.999566972 -0.026093405 -3.385741711 -0.999432206 0.012787610 -0.031172952 111.925224304
-0.029657483 0.020606611 0.999347746 30.121297836 0.014774100 0.999687254 -0.020175166 -3.422855854 -0.999450862 0.014166117 -0.029952660 111.902664185
-0.028664002 0.013125796 0.999502897 30.951526642 0.017942490 0.999759436 -0.012614605 -3.449281931 -0.999428034 0.017571988 -0.028892616 111.873481750
-0.027697932 0.010541499 0.999560833 31.781368256 0.019381933 0.999762058 -0.010006545 -3.471380949 -0.999428391 0.019096261 -0.027895657 111.847946167
-0.027993726 0.011249823 0.999544799 32.599929810 0.018178042 0.999777079 -0.010743332 -3.495170355 -0.999442816 0.017869020 -0.028191986 111.829757690
-0.029130060 0.011651416 0.999507666 33.416301727 0.014479365 0.999832034 -0.011233205 -3.524777651 -0.999470770 0.014145015 -0.029293871 111.814682007
-0.031209312 0.011726717 0.999443948 34.235141754 0.012683021 0.999855280 -0.011335493 -3.549072027 -0.999432385 0.012322195 -0.031353522 111.796592712
-0.033359937 0.011499227 0.999377251 35.044754028 0.012230245 0.999863565 -0.011096569 -3.573929787 -0.999368548 0.011852450 -0.033496030 111.770614624
-0.035264995 0.011909192 0.999306977 35.853061676 0.011119376 0.999871790 -0.011523526 -3.597311497 -0.999316096 0.010705294 -0.035392903 111.746498108
-0.037532125 0.012133169 0.999221861 36.666511536 0.009411543 0.999886274 -0.011787727 -3.622681618 -0.999251008 0.008961801 -0.037642043 111.727622986
-0.039698131 0.011193125 0.999148965 37.455471039 0.007586697 0.999911726 -0.010900238 -3.648249149 -0.999183059 0.007147521 -0.039779533 111.702247620
-0.041736625 0.010274713 0.999075830 38.245594025 0.008038042 0.999918163 -0.009947585 -3.670927286 -0.999096394 0.007615435 -0.041815795 111.669921875
-0.043782212 0.009788942 0.998993158 39.026550293 0.007255835 0.999928653 -0.009480112 -3.700378418 -0.999014795 0.006833469 -0.043850116 111.638305664
-0.045373339 0.011071324 0.998908699 39.821289062 0.007684578 0.999912798 -0.010733398 -3.719498634 -0.998940527 0.007189181 -0.045454465 111.607383728
-0.046437934 0.011257290 0.998857737 40.589958191 0.008215541 0.999906898 -0.010887168 -3.742897272 -0.998887300 0.007700579 -0.046526100 111.568817139
-0.047433391 0.009938225 0.998825073 41.366561890 0.010294937 0.999902248 -0.009460045 -3.767599583 -0.998821318 0.009834117 -0.047531080 111.535354614
-0.048927985 0.009334113 0.998758793 42.142467499 0.010299236 0.999907911 -0.008840307 -3.789635420 -0.998749256 0.009853913 -0.049019616 111.503402710
-0.050813947 0.009166603 0.998666108 42.906352997 0.009169276 0.999920070 -0.008711563 -3.808712959 -0.998666048 0.008714377 -0.050893933 111.476554871
-0.051943086 0.008126066 0.998616993 43.668956757 0.007263802 0.999943554 -0.007759034 -3.829166174 -0.998623610 0.006850728 -0.051999178 111.444091797
-0.053483266 0.006980673 0.998544335 44.409023285 0.006133106 0.999958992 -0.006662066 -3.851184130 -0.998549938 0.005767870 -0.053523887 111.419342041
-0.054596625 0.006469219 0.998487532 45.138233185 0.006228770 0.999961793 -0.006138185 -3.878067255 -0.998489141 0.005884227 -0.054634832 111.392745972
-0.053884655 0.009264496 0.998504102 45.831962585 0.005911581 0.999942422 -0.008958820 -3.890481710 -0.998529792 0.005419994 -0.053936306 111.345596313
-0.054176707 0.012273371 0.998455882 46.534896851 0.006272058 0.999908984 -0.011950906 -3.910882950 -0.998511612 0.005614913 -0.054248750 111.315872192
-0.053990021 0.013964160 0.998443782 47.234268188 0.004290826 0.999896169 -0.013752450 -3.929908752 -0.998532236 0.003541653 -0.054044332 111.280807495
-0.054441977 0.014509484 0.998411536 47.939327240 0.004395497 0.999888241 -0.014291262 -3.957069397 -0.998507202 0.003610471 -0.054499663 111.249336243
-0.054339319 0.014437859 0.998418152 48.637237549 0.005877676 0.999882817 -0.014139145 -3.977341652 -0.998505116 0.005100068 -0.054417808 111.212326050
-0.054840282 0.013517257 0.998403668 49.324783325 0.006095306 0.999894261 -0.013202637 -4.003921986 -0.998476565 0.005361540 -0.054916877 111.178840637
-0.055444732 0.014323482 0.998359025 50.027084351 0.002826277 0.999895394 -0.014188565 -4.017108917 -0.998457730 0.002034958 -0.055479411 111.157928467
-0.055255767 0.013638400 0.998379111 50.706672668 -0.000010038 0.999906659 -0.013659826 -4.050255775 -0.998472273 -0.000764805 -0.055250473 111.126472473
-0.054915924 0.012629679 0.998411119 51.393791199 0.001887538 0.999919534 -0.012544939 -4.070636272 -0.998489201 0.001195622 -0.054935336 111.088966370
-0.056123395 0.012215376 0.998349130 52.078884125 0.002426493 0.999923825 -0.012098235 -4.088514805 -0.998420894 0.001743493 -0.056148760 111.056358337
-0.059667278 0.011343547 0.998153865 52.740703583 -0.001021719 0.999934196 -0.011424856 -4.111133099 -0.998217881 -0.001701523 -0.059651755 111.023712158
-0.064742416 0.011319325 0.997837842 53.422821045 -0.004258190 0.999923408 -0.011619266 -4.130303383 -0.997892976 -0.005001243 -0.064689271 110.987602234
-0.070454486 0.014982492 0.997402549 54.070007324 -0.000786745 0.999886036 -0.015075372 -4.151977062 -0.997514725 -0.001846829 -0.070434667 110.931274414
-0.077043831 0.018209646 0.996861339 54.730552673 0.001630731 0.999834180 -0.018137917 -4.167585373 -0.997026384 0.000228198 -0.077060744 110.877449036
-0.084236637 0.019987931 0.996245265 55.399250031 0.001006820 0.999799967 -0.019974120 -4.187761307 -0.996445298 -0.000679513 -0.084239915 110.819999695
-0.090340473 0.018825645 0.995733023 56.074802399 -0.002870932 0.999812245 -0.019163240 -4.212759018 -0.995906830 -0.004589898 -0.090269476 110.762924194
-0.096728213 0.018460255 0.995139599 56.776576996 -0.002915164 0.999818504 -0.018830407 -4.228984356 -0.995306551 -0.004722426 -0.096656829 110.714424133
-0.100489438 0.018262178 0.994770527 57.449028015 -0.005741490 0.999804378 -0.018934580 -4.261080265 -0.994921565 -0.007614190 -0.100364938 110.638023376
-0.104617216 0.018153215 0.994346797 58.154174805 -0.006922365 0.999795914 -0.018981008 -4.270027637 -0.994488478 -0.008868973 -0.104470201 110.574035645
-0.107221313 0.014583675 0.994128227 58.850364685 -0.007555214 0.999851525 -0.015482502 -4.297357559 -0.994206429 -0.009170906 -0.107095212 110.497581482
-0.109003849 0.011688213 0.993972600 59.564460754 -0.005408189 0.999909043 -0.012351112 -4.316265106 -0.994026661 -0.006721910 -0.108930722 110.422111511
-0.110204361 0.008552633 0.993872106 60.277114868 -0.005990523 0.999939084 -0.009269096 -4.339529991 -0.993890882 -0.006975310 -0.110146411 110.343086243
-0.112021074 0.008219825 0.993671834 61.011920929 -0.007081421 0.999933779 -0.009069948 -4.360391140 -0.993680596 -0.008052635 -0.111955471 110.274490356
-0.112423114 0.011680053 0.993591785 61.731853485 -0.005083056 0.999911070 -0.012329474 -4.378868580 -0.993647456 -0.006436603 -0.112353764 110.194656372
-0.112309724 0.015927771 0.993545711 62.466777802 0.000715056 0.999872565 -0.015948376 -4.399152756 -0.993672907 -0.001080716 -0.112306811 110.101043701
-0.112871490 0.021442989 0.993378162 63.208496094 0.008439642 0.999751687 -0.020621624 -4.418406963 -0.993573666 0.006056163 -0.113024436 110.009658813
-0.113626227 0.022215288 0.993275166 63.948097229 0.008523599 0.999735057 -0.021384703 -4.442484856 -0.993486881 0.006036416 -0.113785475 109.924743652
-0.114423662 0.019684529 0.993237019 64.714408875 0.006676424 0.999796271 -0.019045385 -4.471475124 -0.993409634 0.004452029 -0.114531770 109.851959229
-0.114084177 0.014998689 0.993357897 65.463912964 0.006688710 0.999875009 -0.014328912 -4.492493629 -0.993448615 0.005009580 -0.114170231 109.765014648
-0.113914363 0.013134019 0.993403733 66.206542969 0.009560091 0.999880731 -0.012123392 -4.515686989 -0.993444562 0.008116001 -0.114026360 109.668998718
-0.114574708 0.012378632 0.993337512 66.952941895 0.009381943 0.999891162 -0.011378160 -4.540330410 -0.993370295 0.008015786 -0.114678390 109.584243774
-0.116540931 0.013539729 0.993093610 67.702407837 0.007798912 0.999888659 -0.012717160 -4.561553478 -0.993155301 0.006262978 -0.116633549 109.507125854
-0.118757538 0.014139195 0.992822587 68.445533752 0.007454267 0.999882996 -0.013348096 -4.587360382 -0.992895305 0.005815578 -0.118849069 109.419845581
-0.121023297 0.014323325 0.992546260 69.185997009 0.008549933 0.999873757 -0.013386555 -4.610979080 -0.992612839 0.006866120 -0.121130481 109.332572937
-0.122931778 0.014493831 0.992309272 69.933868408 0.008337754 0.999873161 -0.013571391 -4.631804466 -0.992380083 0.006605276 -0.123037018 109.242622375
-0.124954179 0.014277400 0.992059708 70.684143066 0.007907807 0.999879003 -0.013393909 -4.652216911 -0.992130995 0.006171392 -0.125051945 109.151771545
-0.126492471 0.014534487 0.991861045 71.432525635 0.005796614 0.999886334 -0.013912843 -4.672778130 -0.991950631 0.003989565 -0.126562342 109.060806274
-0.127708733 0.016010270 0.991682470 72.186874390 0.005651271 0.999865174 -0.015414608 -4.697163582 -0.991795599 0.003635686 -0.127782002 108.970603943
-0.128511250 0.016371513 0.991572917 72.942466736 0.004651617 0.999862671 -0.015905518 -4.718357086 -0.991697133 0.002568379 -0.128569782 108.875648499
-0.129873872 0.016359858 0.991395473 73.710487366 0.004081916 0.999864161 -0.015964869 -4.744884968 -0.991522133 0.001973374 -0.129923046 108.778198242
-0.131205440 0.015186313 0.991238892 74.498306274 0.004804373 0.999880672 -0.014682780 -4.756324291 -0.991343558 0.002835820 -0.131262749 108.688461304
-0.132146373 0.012769492 0.991147876 75.276550293 0.002702188 0.999917984 -0.012522208 -4.778606415 -0.991226554 0.001023504 -0.132170022 108.588813782
-0.134094045 0.010896022 0.990908802 76.068351746 -0.000587067 0.999938488 -0.011074758 -4.796430111 -0.990968466 -0.002066788 -0.134079427 108.495101929
-0.136013001 0.010046055 0.990656078 76.846336365 0.000285699 0.999948919 -0.010101065 -4.820667744 -0.990707040 -0.001090847 -0.136008933 108.382461548
-0.137788907 0.010942850 0.990401149 77.643592834 0.001854071 0.999940097 -0.010790297 -4.837503910 -0.990459859 0.000349490 -0.137800947 108.277381897
-0.139830515 0.012303542 0.990099132 78.434921265 0.001132982 0.999924064 -0.012265626 -4.855889797 -0.990174830 -0.000593345 -0.139833808 108.164062500
-0.141617268 0.015381852 0.989802063 79.231689453 0.002318803 0.999881625 -0.015206730 -4.884891033 -0.989918768 0.000141621 -0.141636148 108.056526184
-0.142039612 0.019433117 0.989670217 80.034149170 0.004529554 0.999809504 -0.018982120 -4.906950951 -0.989850640 0.001786552 -0.142100558 107.941535950
-0.143128991 0.023152370 0.989433348 80.843681335 0.005284518 0.999729991 -0.022628862 -4.941876411 -0.989689946 0.001989831 -0.143212676 107.820396423
-0.142954960 0.024336930 0.989429951 81.669479370 0.007474281 0.999695718 -0.023509530 -4.969161510 -0.989700913 0.004034473 -0.143093333 107.702796936
-0.142011940 0.023458738 0.989586949 82.501853943 0.010740993 0.999696732 -0.022156997 -5.001465797 -0.989806712 0.007482588 -0.142220840 107.580406189
-0.141694531 0.021552967 0.989675820 83.320892334 0.011819307 0.999728560 -0.020079691 -5.033061504 -0.989839911 0.008852099 -0.141910806 107.454208374
-0.140947744 0.020108363 0.989812911 84.162643433 0.010845672 0.999765038 -0.018766139 -5.059706211 -0.989957631 0.008090140 -0.141132712 107.340881348
-0.139706120 0.017521903 0.990037918 85.018173218 0.010042544 0.999817193 -0.016277850 -5.086605072 -0.990142047 0.007668386 -0.139856532 107.241004944
-0.138329804 0.014462976 0.990280628 85.874656677 0.010512038 0.999858499 -0.013134459 -5.109675884 -0.990330458 0.008592981 -0.138462260 107.131271362
-0.136262953 0.010821093 0.990613580 86.722885132 0.010790008 0.999897301 -0.009438293 -5.137161732 -0.990613937 0.009402639 -0.136365697 107.012123108
-0.134885922 0.010784457 0.990802467 87.576995850 0.009105357 0.999912024 -0.009644027 -5.160718441 -0.990819275 0.007720768 -0.134972289 106.907211304
-0.133607358 0.014841171 0.990923285 88.429885864 0.009572866 0.999860525 -0.013684306 -5.187973022 -0.990988135 0.007657652 -0.133730814 106.796661377
-0.131426051 0.021203218 0.991099179 89.276313782 0.010625745 0.999743879 -0.019979116 -5.211977959 -0.991269052 0.007905392 -0.131617710 106.683853149
-0.130180746 0.024649629 0.991183817 90.127410889 0.008491609 0.999681950 -0.023745691 -5.237337589 -0.991453826 0.005325513 -0.130348682 106.580459595
-0.128604203 0.022059198 0.991450608 90.989509583 0.007291123 0.999746501 -0.021298025 -5.267794609 -0.991669118 0.004489772 -0.128732458 106.472579956
