1.000000000 0.000000000 0.000000000 0.000000000 0.000000000 1.000000000 0.000000000 0.000000000 0.000000000 0.000000000 1.000000000 0.000000000
0.999997377 0.001001050 0.002061625 -0.009156696 -0.000998824 0.999998927 -0.001080404 -0.016815791 -0.002062705 0.001078342 0.999997318 1.206360579
0.999980211 0.001895792 0.005994563 -0.050293569 -0.001889879 0.999997675 -0.000992010 -0.033622675 -0.005996429 0.000980661 0.999981582 2.406405926
0.999971747 0.001544572 0.007343292 -0.051149853 -0.001539052 0.999998510 -0.000757334 -0.052507304 -0.007344451 0.000746011 0.999972701 3.602731705
0.999963701 0.001435821 0.008386998 -0.046682041 -0.001428364 0.999998569 -0.000894991 -0.073057264 -0.008388270 0.000882979 0.999964416 4.804062843
0.999958217 0.001439762 0.009021323 -0.039622925 -0.001434426 0.999998808 -0.000597919 -0.094907790 -0.009022173 0.000584954 0.999959052 6.002280235
0.999952197 0.001589673 0.009657229 -0.030424111 -0.001574266 0.999997497 -0.001602792 -0.116959736 -0.009659752 0.001587512 0.999952078 7.201081276
0.999938786 0.001425567 0.010966444 -0.031938195 -0.001406286 0.999997437 -0.001765631 -0.142839044 -0.010968933 0.001750101 0.999938250 8.387082100
0.999937236 0.001160978 0.011145390 -0.025419340 -0.001155681 0.999999225 -0.000481716 -0.163056552 -0.011145940 0.000468806 0.999937773 9.583882332
0.999950707 0.000535203 0.009919557 -0.022359647 -0.000541662 0.999999702 0.000648488 -0.186268628 -0.009919206 -0.000653829 0.999950588 10.779698372
0.999970734 -0.001041020 0.007595281 -0.019641750 0.001039448 0.999999404 0.000211076 -0.211846352 -0.007595497 -0.000203174 0.999971092 11.983381271
0.999982893 -0.000700790 0.005812127 -0.025004886 0.000702458 0.999999762 -0.000284901 -0.229707837 -0.005811926 0.000288979 0.999983072 13.181848526
0.999990404 -0.000770017 0.004312677 -0.019297171 0.000771417 0.999999702 -0.000323211 -0.253926665 -0.004312427 0.000326535 0.999990582 14.379473686
0.999993503 0.000717623 0.003517972 -0.021685384 -0.000716052 0.999999583 -0.000447608 -0.277081639 -0.003518292 0.000445086 0.999993742 15.576683998
0.999995232 0.000583250 0.003031183 -0.024023645 -0.000582249 0.999999821 -0.000331006 -0.297243595 -0.003031375 0.000329239 0.999995410 16.778480530
0.999997616 -0.000383413 0.002151675 -0.022541542 0.000383611 0.999999940 -0.000091632 -0.315896869 -0.002151640 0.000092457 0.999997735 17.964229584
0.999998152 -0.000282686 0.001911350 -0.027867317 0.000281771 0.999999821 0.000478894 -0.342615008 -0.001911485 -0.000478355 0.999998093 19.160905838
0.999999762 0.000087814 0.000801499 -0.029289514 -0.000087548 0.999999940 -0.000330897 -0.365720183 -0.000801528 0.000330827 0.999999642 20.355489731
0.999999583 -0.000597449 0.000870135 -0.042839210 0.000598442 0.999999166 -0.001141585 -0.392406642 -0.000869453 0.001142105 0.999998987 21.558221817
0.999999821 0.000633036 0.000109367 -0.046462458 -0.000632959 0.999999523 -0.000700178 -0.410686553 -0.000109810 0.000700109 0.999999821 22.754014969
0.999999881 0.000073744 -0.000406482 -0.062556587 -0.000074118 0.999999583 -0.000918715 -0.434109569 0.000406415 0.000918745 0.999999464 23.944473267
0.999998927 0.000233126 -0.001420545 -0.069579974 -0.000235272 0.999998868 -0.001510451 -0.456432313 0.001420191 0.001510784 0.999997795 25.136802673
0.999997616 0.000477626 -0.002135194 -0.080672786 -0.000478945 0.999999702 -0.000617513 -0.484766603 0.002134898 0.000618535 0.999997497 26.331945419
0.999995351 -0.001193993 -0.002815933 -0.089755096 0.001197444 0.999998510 0.001224322 -0.506386042 0.002814467 -0.001227688 0.999995291 27.535406113
0.999992311 -0.001089015 -0.003789442 -0.096976832 0.001093101 0.999998808 0.001076288 -0.525764108 0.003788266 -0.001080421 0.999992251 28.727361679
0.999987185 -0.001856090 -0.004720011 -0.106614321 0.001857891 0.999998212 0.000377381 -0.547101974 0.004719302 -0.000386145 0.999988794 29.926803589
0.999984145 -0.001960796 -0.005293075 -0.117191315 0.001957155 0.999997854 -0.000692825 -0.566876769 0.005294421 0.000682455 0.999985635 31.123636246
0.999980509 -0.001325205 -0.006109120 -0.129966885 0.001321379 0.999998927 -0.000630259 -0.586946607 0.006109950 0.000622174 0.999981105 32.318813324
0.999974906 -0.001365895 -0.006959891 -0.141354218 0.001364673 0.999999046 -0.000180307 -0.607837558 0.006960131 0.000170804 0.999975741 33.523422241
0.999970317 -0.002462436 -0.007291287 -0.156478971 0.002462969 0.999996960 0.000064160 -0.628458917 0.007291110 -0.000082117 0.999973416 34.713687897
0.999962211 -0.003159296 -0.008093665 -0.163943008 0.003162578 0.999994934 0.000392721 -0.653011858 0.008092385 -0.000418303 0.999967158 35.914688110
0.999960721 -0.002889227 -0.008397109 -0.184713855 0.002889009 0.999995828 -0.000038217 -0.671464562 0.008397185 0.000013956 0.999964774 37.109889984
0.999958277 -0.003676682 -0.008363066 -0.199592635 0.003682680 0.999992967 0.000701900 -0.695055485 0.008360429 -0.000732669 0.999964774 38.309616089
0.999961138 -0.003039568 -0.008279210 -0.215051770 0.003053976 0.999993801 0.001728121 -0.708175719 0.008273905 -0.001753338 0.999964237 39.518947601
0.999958336 -0.002793490 -0.008688694 -0.226141468 0.002814213 0.999993265 0.002373795 -0.727995932 0.008682003 -0.002398148 0.999959469 40.712055206
0.999964476 -0.002174274 -0.008138505 -0.244812012 0.002191809 0.999995291 0.002146349 -0.750440836 0.008133801 -0.002164111 0.999964595 41.911933899
0.999963760 -0.001336733 -0.008409427 -0.253593028 0.001350232 0.999997795 0.001599814 -0.760784686 0.008407271 -0.001611111 0.999963403 43.102088928
0.999970376 0.000975851 -0.007641688 -0.272291809 -0.000947448 0.999992609 0.003719653 -0.780095518 0.007645263 -0.003712302 0.999963880 44.318630219
0.999982655 0.001206070 -0.005745899 -0.294258982 -0.001164689 0.999973416 0.007199760 -0.806896627 0.005754429 -0.007192945 0.999957561 45.514495850
0.999990642 0.001651561 -0.003989327 -0.308928996 -0.001612706 0.999951482 0.009723407 -0.815229118 0.004005191 -0.009716883 0.999944746 46.711864471
0.999994755 0.001774573 -0.002693708 -0.305638015 -0.001738925 0.999911666 0.013179040 -0.823941469 0.002716856 -0.013174286 0.999909520 47.907173157
0.999998450 0.001502824 -0.000941932 -0.324167460 -0.001488775 0.999890208 0.014742533 -0.837056935 0.000963984 -0.014741106 0.999890804 49.120830536
0.999999523 -0.000580991 0.000832705 -0.330045551 0.000570000 0.999913514 0.013139528 -0.838971257 -0.000840267 -0.013139048 0.999913275 50.336841583
0.999997616 0.000931419 0.001970392 -0.334018886 -0.000954243 0.999932110 0.011614810 -0.845239460 -0.001959441 -0.011616662 0.999930620 51.523952484
0.999996245 0.000904079 0.002546341 -0.334656686 -0.000932878 0.999935329 0.011331482 -0.852808297 -0.002535932 -0.011333814 0.999932528 52.734516144
0.999995887 0.000628646 0.002797016 -0.342850864 -0.000659325 0.999939561 0.010980997 -0.862524748 -0.002789943 -0.010982797 0.999935806 53.925285339
0.999997616 -0.000201775 0.002186476 -0.339048535 0.000180889 0.999954402 0.009548255 -0.869661450 -0.002188303 -0.009547834 0.999952018 55.151268005
0.999999940 0.000062071 0.000366611 -0.341548055 -0.000065770 0.999949038 0.010097466 -0.875747442 -0.000365965 -0.010097490 0.999948978 56.366676331
0.999999642 -0.000189980 -0.000834230 -0.350099713 0.000199409 0.999935865 0.011316748 -0.889943540 0.000832026 -0.011316909 0.999935627 57.559982300
0.999998391 -0.000796652 -0.001608151 -0.357632488 0.000815442 0.999930978 0.011717658 -0.898851633 0.001598704 -0.011718947 0.999930084 58.768161774
0.999996006 0.000740357 -0.002713981 -0.363995552 -0.000708651 0.999931753 0.011664708 -0.910053015 0.002722434 -0.011662737 0.999928296 59.966388702
0.999993622 0.001139645 -0.003373896 -0.372003853 -0.001101313 0.999935091 0.011341433 -0.914497137 0.003386603 -0.011337644 0.999930024 61.170120239
0.999993742 -0.000194520 -0.003513189 -0.380007267 0.000233543 0.999938190 0.011110663 -0.927791774 0.003510809 -0.011111413 0.999932110 62.368949890
0.999991953 -0.001276609 -0.003776868 -0.387995958 0.001316030 0.999944508 0.010453583 -0.938856959 0.003763313 -0.010458469 0.999938250 63.578899384
0.999989808 -0.001832665 -0.004120567 -0.395175934 0.001880599 0.999930203 0.011659289 -0.952357352 0.004098913 -0.011666920 0.999923468 64.765930176
0.999989152 -0.002007853 -0.004191480 -0.406288058 0.002062233 0.999913216 0.013010327 -0.954641223 0.004164994 -0.013018831 0.999906540 65.966133118
0.999988675 -0.001504596 -0.004515282 -0.418637365 0.001557844 0.999929130 0.011812639 -0.974102437 0.004497188 -0.011819540 0.999920011 67.166046143
0.999991775 0.000465770 -0.004027854 -0.438158274 -0.000423204 0.999944150 0.010562269 -0.980899453 0.004032549 -0.010560475 0.999936104 68.364395142
0.999988258 0.002385031 -0.004213633 -0.447273076 -0.002338248 0.999935985 0.011072960 -0.991971791 0.004239772 -0.011062976 0.999929786 69.561210632
0.999980688 0.004653221 -0.004098726 -0.460175812 -0.004607526 0.999927878 0.011088272 -0.997085154 0.004150027 -0.011069172 0.999930084 70.752037048
0.999975920 0.005705068 -0.003955599 -0.472703099 -0.005658634 0.999916136 0.011652399 -1.005598545 0.004021745 -0.011629733 0.999924242 71.952728271
0.999976337 0.006218190 -0.002940764 -0.483595014 -0.006180769 0.999902070 0.012567427 -1.012494564 0.003018621 -0.012548954 0.999916613 73.146789551
0.999966204 0.008161633 -0.001053317 -0.491851062 -0.008147351 0.999883473 0.012918048 -1.015205741 0.001158626 -0.012909029 0.999915957 74.342048645
0.999975562 0.006825811 0.001535007 -0.488651693 -0.006842480 0.999914706 0.011128709 -1.030108452 -0.001458914 -0.011138940 0.999936938 75.514305115
0.999983251 0.004189289 0.004009339 -0.487639874 -0.004212302 0.999974668 0.005748420 -1.036986947 -0.003985155 -0.005765213 0.999975502 76.687873840
0.999962747 0.005466016 0.006679235 -0.482889354 -0.005502961 0.999969542 0.005525426 -1.050954819 -0.006648830 -0.005561975 0.999962330 77.875389099
0.999949813 0.004272303 0.009058694 -0.472698510 -0.004355257 0.999948561 0.009157569 -1.065440655 -0.009019106 -0.009196563 0.999916971 79.058837891
0.999911010 0.004508804 0.012559175 -0.461706281 -0.004640505 0.999934316 0.010477072 -1.077162147 -0.012511113 -0.010534422 0.999866188 80.235954285
0.999850154 0.004489648 0.016725127 -0.449321508 -0.004637701 0.999950290 0.008823965 -1.087557554 -0.016684679 -0.008900209 0.999821186 81.403823853
0.999790370 0.003388310 0.020193189 -0.428974152 -0.003508230 0.999976337 0.005906149 -1.102984667 -0.020172702 -0.005975753 0.999778628 82.570014954
0.999716103 0.002047675 0.023737270 -0.406054020 -0.002105584 0.999994874 0.002414862 -1.117472529 -0.023732200 -0.002464157 0.999715269 83.730331421
0.999621332 0.001705345 0.027467199 -0.380322218 -0.001746949 0.999997377 0.001490751 -1.134328961 -0.027464584 -0.001538170 0.999621689 84.884841919
0.999528885 0.001184952 0.030668821 -0.345683813 -0.001285020 0.999993861 0.003243370 -1.154875040 -0.030664790 -0.003281252 0.999524295 86.057029724
0.999392748 0.002491235 0.034753736 -0.321541786 -0.002635365 0.999988139 0.004101979 -1.178888083 -0.034743104 -0.004191077 0.999387383 87.218650818
0.999267220 0.001856669 0.038230468 -0.275183916 -0.001913657 0.999997139 0.001454110 -1.190661669 -0.038227659 -0.001526204 0.999267876 88.371604919
0.999139726 0.001713856 0.041433837 -0.230473518 -0.001688990 0.999998450 -0.000635150 -1.211547494 -0.041434862 0.000564622 0.999141037 89.520324707
0.999002874 0.001933308 0.044603448 -0.183321953 -0.001890111 0.999997675 -0.001010616 -1.231294990 -0.044605300 0.000925303 0.999004185 90.686271667
0.998872936 0.001270576 0.047448732 -0.132986546 -0.001284866 0.999999166 0.000270656 -1.249804974 -0.047448352 -0.000331316 0.998873591 91.844490051
0.998727858 -0.000053146 0.050425641 -0.083046913 -0.000030661 0.999998629 0.001661222 -1.269165754 -0.050425664 -0.001660654 0.998726428 93.000778198
0.998586595 -0.000925693 0.053139731 -0.025133133 0.000749248 0.999994099 0.003340232 -1.284766674 -0.053142510 -0.003295697 0.998581409 94.162681580
0.998465717 -0.002530716 0.055315025 0.044085026 0.002299930 0.999988377 0.004235490 -1.299835801 -0.055325102 -0.004101771 0.998459876 95.324119568
0.998324394 -0.003434227 0.057763353 0.102282047 0.003315382 0.999992192 0.002153169 -1.320167542 -0.057770297 -0.001958054 0.998327971 96.475379944
0.998186231 -0.004734667 0.060014859 0.171424866 0.004828792 0.999987245 -0.001423432 -1.337440968 -0.060007364 0.001710650 0.998196483 97.632896423
0.998058438 -0.003841847 0.062165845 0.234542370 0.004107881 0.999982893 -0.004152174 -1.356822610 -0.062148836 0.004399483 0.998057246 98.798316956
0.997951388 -0.003931156 0.063855506 0.304775238 0.004270516 0.999977469 -0.005178884 -1.378174543 -0.063833721 0.005440972 0.997945726 99.971710205
0.997923791 -0.003680544 0.064301722 0.376846313 0.003986947 0.999981284 -0.004637407 -1.398832798 -0.064283460 0.004884147 0.997919798 101.148567200
0.997971237 -0.003742156 0.063555501 0.444741249 0.003915591 0.999988914 -0.002604558 -1.424440861 -0.063545048 0.002848132 0.997974932 102.341445923
0.998057187 -0.003884200 0.062183302 0.510854721 0.003963499 0.999991477 -0.001151959 -1.443699479 -0.062178299 0.001396185 0.998064101 103.533309937
0.998176038 -0.003738285 0.060254216 0.576013088 0.003767859 0.999992847 -0.000377186 -1.462965250 -0.060252383 0.000603527 0.998183012 104.722541809
0.998338103 -0.003813343 0.057501756 0.645326614 0.003823115 0.999992728 -0.000059903 -1.479473591 -0.057501111 0.000279639 0.998345375 105.930267334
0.998496294 -0.003139686 0.054731213 0.702970028 0.003150734 0.999994993 -0.000115574 -1.496960878 -0.054730598 0.000287844 0.998501062 107.135391235
0.998689413 -0.001756796 0.051149864 0.748271942 0.001795896 0.999998093 -0.000718461 -1.511589527 -0.051148511 0.000809379 0.998690724 108.328208923
0.998895943 -0.001578546 0.046951059 0.807528496 0.001583316 0.999998748 -0.000064399 -1.533633709 -0.046950892 0.000138666 0.998897195 109.535621643
0.999094963 -0.001612562 0.042503532 0.865549564 0.001565571 0.999998212 0.001138855 -1.555106401 -0.042505290 -0.001071282 0.999095678 110.765892029
0.999256492 -0.000660326 0.038549189 0.898224592 0.000593240 0.999998271 0.001751675 -1.570669413 -0.038550287 -0.001727503 0.999255180 111.960243225
0.999416471 -0.000651818 0.034150384 0.933372021 0.000570132 0.999996901 0.002401640 -1.588982344 -0.034151848 -0.002380769 0.999413729 113.175071716
0.999577105 -0.000109762 0.029077642 0.965840340 0.000039400 0.999997079 0.002420367 -1.603241563 -0.029077824 -0.002418198 0.999574125 114.392814636
0.999707699 0.000601200 0.024168596 0.990456939 -0.000658067 0.999996960 0.002345026 -1.621714830 -0.024167117 -0.002360245 0.999705076 115.631301880
0.999814510 0.001055751 0.019226577 1.005687833 -0.001096640 0.999997079 0.002116299 -1.636480570 -0.019224290 -0.002136992 0.999812841 116.855628967
0.999891818 0.002154913 0.014551396 1.017551899 -0.002174573 0.999996722 0.001335395 -1.654334426 -0.014548472 -0.001366893 0.999893248 118.084861755
0.999930263 0.003944278 0.011129986 1.021378994 -0.003959631 0.999991179 0.001357764 -1.675382376 -0.011124532 -0.001401740 0.999937117 119.317428589
0.999945223 0.005606867 0.008838018 1.028018713 -0.005622374 0.999982715 0.001730715 -1.691878915 -0.008828161 -0.001780311 0.999959469 120.549362183
0.999943197 0.007084858 0.007955392 1.026418924 -0.007093214 0.999974370 0.001022680 -1.708997369 -0.007947942 -0.001079051 0.999967813 121.808219910
0.999933183 0.009378451 0.006772499 1.029984713 -0.009387785 0.999954998 0.001347357 -1.726643801 -0.006759558 -0.001410845 0.999976158 123.055114746
0.999926329 0.010619937 0.005864388 1.024672389 -0.010632203 0.999941349 0.002064215 -1.741937399 -0.005842121 -0.002126414 0.999980628 124.301696777
0.999932289 0.010288641 0.005429432 1.019661546 -0.010301682 0.999944091 0.002379392 -1.756313801 -0.005404647 -0.002435163 0.999982417 125.547767639
0.999888599 0.014258298 0.004441938 1.015786767 -0.014279021 0.999887049 0.004668778 -1.775883079 -0.004374868 -0.004731683 0.999979258 126.800559998
0.999874055 0.015412971 0.003801481 1.011362195 -0.015443207 0.999848247 0.008056645 -1.789234161 -0.003676728 -0.008114338 0.999960363 128.058197021
0.999900520 0.013747652 0.003148246 1.013538122 -0.013770768 0.999877453 0.007441887 -1.802190542 -0.003045553 -0.007484500 0.999967396 129.309463501
0.999903917 0.013613493 0.002595952 1.009252787 -0.013628446 0.999890089 0.005832987 -1.808841705 -0.002516260 -0.005867805 0.999979615 130.563400269
0.999940455 0.010800146 0.001531662 1.015003204 -0.010810487 0.999917626 0.006910502 -1.822142959 -0.001456902 -0.006926648 0.999974966 131.816818237
0.999961913 0.008660192 0.001109718 1.005320787 -0.008669563 0.999924183 0.008738725 -1.832696438 -0.001033956 -0.008748011 0.999961138 133.092971802
0.999985516 0.005267754 0.001149949 0.997900546 -0.005279690 0.999929488 0.010635908 -1.843274832 -0.001093841 -0.010641824 0.999942720 134.365570068
0.999994338 0.003356260 0.000384598 1.001327038 -0.003360596 0.999923706 0.011885607 -1.855482101 -0.000344679 -0.011886830 0.999929249 135.638900757
0.999999166 -0.001134066 0.000660069 1.005641580 0.001127446 0.999949932 0.009944511 -1.858304262 -0.000671313 -0.009943760 0.999950349 136.899230957
0.999993086 -0.003541592 0.001218164 0.998149753 0.003529971 0.999949515 0.009412663 -1.870111465 -0.001251438 -0.009408297 0.999954998 138.173400879
0.999989510 -0.004478511 0.000948453 1.007210493 0.004470147 0.999952555 0.008646720 -1.871963859 -0.000987133 -0.008642387 0.999962151 139.440841675
0.999987781 -0.004690265 0.001560177 1.000729203 0.004676424 0.999950647 0.008760028 -1.878471136 -0.001601187 -0.008752625 0.999960423 140.718170166
0.999988973 -0.004397215 0.001656325 1.010315180 0.004378749 0.999929965 0.010992171 -1.888899326 -0.001704545 -0.010984798 0.999938250 141.988296509
0.999995053 -0.001864883 0.002528631 0.998902559 0.001832414 0.999916494 0.012782745 -1.898935795 -0.002552258 -0.012778047 0.999915183 143.266265869
0.999992430 -0.002240425 0.003174024 1.000907660 0.002205711 0.999938190 0.010898056 -1.907497168 -0.003198245 -0.010890971 0.999935627 144.534347534
0.999992967 -0.001548612 0.003421145 0.997860312 0.001517454 0.999957442 0.009090974 -1.914803982 -0.003435079 -0.009085719 0.999952853 145.810714722
0.999989092 -0.001251999 0.004486208 0.988630772 0.001222666 0.999977946 0.006535163 -1.927594185 -0.004494291 -0.006529607 0.999968588 147.090362549
0.999984682 -0.002960400 0.004667651 0.993294477 0.002948908 0.999992549 0.002467105 -1.944755554 -0.004674919 -0.002453302 0.999986112 148.355209351
0.999981403 -0.002845417 0.005397695 0.988304973 0.002849780 0.999995530 -0.000800914 -1.965859413 -0.005395392 0.000816282 0.999985158 149.631713867
0.999980569 -0.003108152 0.005407496 0.993579566 0.003119398 0.999992967 -0.002072428 -1.986166239 -0.005401017 0.002089256 0.999983191 150.896194458
0.999978960 -0.002853387 0.005822558 0.988551974 0.002863378 0.999994397 -0.001708472 -2.010847569 -0.005817651 0.001725109 0.999981642 152.163055420
0.999983966 -0.002458140 0.005103542 0.999752939 0.002463542 0.999996424 -0.001052444 -2.037590742 -0.005100936 0.001064999 0.999986470 153.424758911
0.999985278 -0.002510380 0.004805925 1.004758477 0.002511803 0.999996781 -0.000289915 -2.057272911 -0.004805182 0.000301982 0.999988437 154.683746338
0.999986708 -0.001185643 0.005027282 0.992441297 0.001183597 0.999999225 0.000410094 -2.082498312 -0.005027764 -0.000404138 0.999987304 155.947784424
0.999988377 -0.000741775 0.004772789 0.986802340 0.000739756 0.999999702 0.000424912 -2.107686281 -0.004773101 -0.000421376 0.999988556 157.215957642
0.999993443 -0.000517994 0.003575910 0.996607304 0.000516643 0.999999821 0.000378826 -2.126921177 -0.003576105 -0.000376977 0.999993563 158.487396240
0.999994636 -0.001151271 0.003064696 0.989722490 0.001146299 0.999998033 0.001623552 -2.148197174 -0.003066558 -0.001620030 0.999994040 159.764602661
0.999996185 0.000358407 0.002721774 0.982058287 -0.000363735 0.999997973 0.001957176 -2.168731213 -0.002721068 -0.001958159 0.999994397 161.030441284
0.999997973 0.000468346 0.001962609 0.980773807 -0.000469701 0.999999642 0.000689617 -2.185479403 -0.001962287 -0.000690538 0.999997854 162.300186157
0.999998510 0.001060592 0.001382374 0.974833608 -0.001060212 0.999999344 -0.000276546 -2.209704638 -0.001382667 0.000275080 0.999998927 163.552291870
0.999998391 0.001758320 0.000473452 0.973172665 -0.001758209 0.999998391 -0.000234104 -2.230388165 -0.000473863 0.000233271 0.999999762 164.818801880
0.999998450 0.001758177 0.000048196 0.960348368 -0.001758117 0.999997854 -0.001198373 -2.253039360 -0.000050303 0.001198286 0.999999285 166.087112427
0.999997556 0.002007737 -0.000954794 0.955510795 -0.002010025 0.999995172 -0.002401277 -2.274438858 0.000949968 0.002403190 0.999996662 167.357070923
0.999996662 0.002159112 -0.001399747 0.946659565 -0.002162090 0.999995410 -0.002129189 -2.296949387 0.001395143 0.002132209 0.999996662 168.624359131
0.999994218 0.002403531 -0.002408959 0.940951467 -0.002405365 0.999996841 -0.000758572 -2.320708752 0.002407128 0.000764362 0.999996781 169.899215698
0.999993980 0.002150787 -0.002723586 0.933602095 -0.002151808 0.999997616 -0.000372295 -2.344574690 0.002722781 0.000378153 0.999996185 171.164093018
0.999990344 0.002949130 -0.003249426 0.918114245 -0.002949191 0.999995649 -0.000014064 -2.365305662 0.003249370 0.000023648 0.999994695 172.434432983
0.999988556 0.003125780 -0.003624021 0.904220700 -0.003124283 0.999995053 0.000418758 -2.390269995 0.003625311 -0.000407431 0.999993324 173.720779419
0.999984264 0.003534709 -0.004345363 0.888944507 -0.003536645 0.999993622 -0.000437913 -2.415088177 0.004343789 0.000453274 0.999990463 174.969818115
0.999980688 0.004254955 -0.004519945 0.873879313 -0.004258520 0.999990642 -0.000779581 -2.437054396 0.004516587 0.000798814 0.999989510 176.244995117
0.999977112 0.004589797 -0.004957737 0.853528440 -0.004594088 0.999989092 -0.000854365 -2.450619936 0.004953762 0.000877122 0.999987364 177.503982544
0.999975324 0.004602063 -0.005300536 0.839031637 -0.004611779 0.999987721 -0.001822435 -2.481487513 0.005292085 0.001846835 0.999984264 178.752029419
0.999980450 0.003454942 -0.005208658 0.823262215 -0.003472608 0.999988198 -0.003386386 -2.504420280 0.005196898 0.003404407 0.999980628 180.016036987
0.999983668 0.000515694 -0.005680678 0.819869757 -0.000535251 0.999993920 -0.003441792 -2.527386189 0.005678869 0.003444777 0.999977946 181.278106689
0.999976635 0.000584452 -0.006814844 0.814648271 -0.000581904 0.999999762 0.000375779 -2.552456617 0.006815063 -0.000371805 0.999976695 182.545166016
0.999982774 -0.000150962 -0.005863430 0.790233135 0.000178218 0.999989212 0.004648373 -2.573723793 0.005862662 -0.004649338 0.999971986 183.802062988
0.999980748 0.001231854 -0.006085287 0.780372739 -0.001208738 0.999992013 0.003800974 -2.588274717 0.006089920 -0.003793546 0.999974191 185.059906006
0.999980688 0.002262195 -0.005769476 0.763451457 -0.002257360 0.999997199 0.000844262 -2.608119011 0.005771369 -0.000831222 0.999982893 186.289916992
0.999976933 0.002695982 -0.006220041 0.752653718 -0.002702407 0.999995768 -0.001024695 -2.628919125 0.006217253 0.001041481 0.999980092 187.532241821
0.999975860 0.002427624 -0.006511907 0.736218452 -0.002432080 0.999996781 -0.000676205 -2.654050350 0.006510243 0.000692026 0.999978542 188.779373169
0.999977469 0.002460167 -0.006242219 0.720827937 -0.002459373 0.999996960 0.000134873 -2.673260212 0.006242530 -0.000119518 0.999980509 190.022750854
0.999978185 0.002470474 -0.006118227 0.708163738 -0.002454680 0.999993622 0.002587706 -2.696432352 0.006124581 -0.002572631 0.999977827 191.273391724
0.999983549 0.001503877 -0.005521060 0.695968628 -0.001483906 0.999992311 0.003619609 -2.720475435 0.005526463 -0.003611356 0.999978125 192.524826050
0.999990404 0.001639666 -0.004054900 0.687155187 -0.001628140 0.999994636 0.002843912 -2.736027241 0.004059542 -0.002837283 0.999987721 193.761199951
0.999996185 0.000120367 -0.002763002 0.679531813 -0.000115939 0.999998689 0.001602433 -2.757966995 0.002763192 -0.001602107 0.999994874 194.989944458
0.999998927 0.000522672 -0.001327034 0.672314167 -0.000522695 0.999999881 -0.000017916 -2.782881021 0.001327027 0.000018610 0.999999046 196.218017578
0.999999881 -0.000161569 -0.000185009 0.670950830 0.000161448 0.999999881 -0.000653621 -2.804387093 0.000185115 0.000653591 0.999999702 197.435195923
0.999998808 0.000155459 0.001550239 0.659948349 -0.000155585 1.000000000 0.000080863 -2.826951742 -0.001550227 -0.000081105 0.999998808 198.660919189
0.999995828 -0.000211334 0.002882611 0.661116183 0.000206049 0.999998391 0.001833211 -2.850136280 -0.002882993 -0.001832609 0.999994218 199.876586914
0.999991238 0.000436924 0.004158275 0.654201150 -0.000446819 0.999997079 0.002379279 -2.878510475 -0.004157222 -0.002381115 0.999988556 201.103012085
0.999986231 0.000503645 0.005232509 0.653080285 -0.000515545 0.999997318 0.002273141 -2.894421816 -0.005231350 -0.002275806 0.999983728 202.311203003
0.999979615 0.000488784 0.006353570 0.654981256 -0.000504614 0.999996781 0.002490096 -2.917621136 -0.006352331 -0.002493252 0.999976695 203.517684937
0.999974132 0.000135012 0.007178203 0.661158204 -0.000156017 0.999995708 0.002925764 -2.940613031 -0.007177775 -0.002926808 0.999969959 204.710769653
0.999969602 0.000626161 0.007773823 0.664856434 -0.000649620 0.999995291 0.003015646 -2.964462519 -0.007771897 -0.003020604 0.999965250 205.896438599
0.999955058 0.000365602 0.009469304 0.653515220 -0.000390290 0.999996543 0.002605491 -2.976315022 -0.009468318 -0.002609069 0.999951780 207.078277588
0.999947309 -0.000420322 0.010255752 0.658958197 0.000393493 0.999996483 0.002617879 -2.995737314 -0.010256817 -0.002613707 0.999943972 208.248031616
0.999947131 -0.000557727 0.010267838 0.664320111 0.000521467 0.999993622 0.003533876 -3.018497229 -0.010269743 -0.003528335 0.999940991 209.390380859
0.999948800 -0.001244913 0.010042619 0.672079206 0.001202813 0.999990523 0.004196922 -3.031827450 -0.010047747 -0.004184628 0.999940693 210.528976440
0.999953210 -0.000786421 0.009641008 0.672030568 0.000742613 0.999989390 0.004546587 -3.059247971 -0.009644480 -0.004539215 0.999943197 211.644668579
0.999957621 -0.000269587 0.009206362 0.675689459 0.000237277 0.999993801 0.003510597 -3.077990294 -0.009207251 -0.003508263 0.999951482 212.743972778
0.999961376 -0.000038679 0.008784611 0.678662539 0.000014166 0.999996066 0.002790415 -3.098067760 -0.008784684 -0.002790182 0.999957502 213.828872681
0.999967396 -0.000301872 0.008066759 0.683953166 0.000280574 0.999996483 0.002641264 -3.116023064 -0.008067528 -0.002638914 0.999963939 214.896240234
0.999976218 -0.000524337 0.006874184 0.686592579 0.000506882 0.999996662 0.002540779 -3.139398575 -0.006875492 -0.002537234 0.999973118 215.961395264
0.999985337 -0.000937716 0.005333943 0.689669609 0.000920008 0.999994159 0.003321440 -3.157146215 -0.005337025 -0.003316484 0.999980211 217.020019531
0.999993026 -0.002008755 0.003181840 0.687721372 0.001992902 0.999985635 0.004977549 -3.174058676 -0.003191794 -0.004971172 0.999982595 218.056900024
0.999997497 -0.001897522 0.001207358 0.681544662 0.001889414 0.999975920 0.006681194 -3.189594507 -0.001220007 -0.006678894 0.999976993 219.085464478
0.999997318 -0.001753407 -0.001530463 0.681371391 0.001763738 0.999975443 0.006775049 -3.208869457 0.001518547 -0.006777730 0.999975920 220.090133667
0.999991715 -0.001145265 -0.003906470 0.669992447 0.001170376 0.999978781 0.006431726 -3.227447033 0.003899018 -0.006436245 0.999971688 221.083694458
0.999977350 -0.000844823 -0.006676632 0.660314679 0.000893751 0.999972820 0.007328750 -3.246501446 0.006670257 -0.007334551 0.999950886 222.053070068
0.999954104 -0.000435222 -0.009561159 0.643146038 0.000510548 0.999968946 0.007877270 -3.264043093 0.009557431 -0.007881790 0.999923170 222.993927002
0.999925435 0.000079250 -0.012211224 0.625296354 0.000001996 0.999978006 0.006653224 -3.270222187 0.012211481 -0.006652752 0.999903321 223.925079346
0.999883950 0.000023263 -0.015233867 0.605629444 0.000065046 0.999983251 0.005796385 -3.280358791 0.015233745 -0.005796703 0.999867141 224.827499390
0.999833047 -0.000432950 -0.018266289 0.582023621 0.000526916 0.999986708 0.005139664 -3.297333956 0.018263822 -0.005148429 0.999819934 225.708633423
0.999772072 0.000492918 -0.021345362 0.550357819 -0.000382656 0.999986589 0.005169406 -3.315976620 0.021347621 -0.005160060 0.999758780 226.571456909
0.999692738 0.001074787 -0.024761224 0.534807205 -0.000951631 0.999987125 0.004984987 -3.339247227 0.024766261 -0.004959892 0.999680936 227.394500732
0.999631703 0.002806174 -0.026990278 0.503590107 -0.002686706 0.999986410 0.004461566 -3.348841190 0.027002435 -0.004387408 0.999625623 228.208419800
0.999608576 0.003393119 -0.027770150 0.474369049 -0.003261489 0.999983251 0.004783894 -3.360683441 0.027785912 -0.004691449 0.999602854 229.011291504
0.999615669 0.003682188 -0.027475528 0.449218273 -0.003507804 0.999973357 0.006392406 -3.382102966 0.027498323 -0.006293570 0.999601960 229.789993286
0.999625862 0.003466347 -0.027132684 0.425656796 -0.003284485 0.999971807 0.006744367 -3.393074989 0.027155295 -0.006652727 0.999609053 230.550567627
0.999648273 0.003262277 -0.026318200 0.399239063 -0.003087681 0.999972939 0.006671969 -3.409114599 0.026339257 -0.006588359 0.999631345 231.294891357
0.999649525 0.004105045 -0.026153257 0.376930237 -0.003978716 0.999980211 0.004880558 -3.421098709 0.026172774 -0.004774791 0.999645948 232.029312134
0.999669731 0.004145720 -0.025364170 0.358173847 -0.004076785 0.999987960 0.002768890 -3.432658911 0.025375344 -0.002664571 0.999674380 232.759902954
0.999696374 0.004043647 -0.024303777 0.338336468 -0.004010130 0.999991000 0.001427687 -3.448536634 0.024309324 -0.001329792 0.999703646 233.481460571
0.999726474 0.004673758 -0.022917181 0.317887783 -0.004655107 0.999988794 0.000867104 -3.457754374 0.022920977 -0.000760185 0.999736965 234.215698242
0.999769270 0.004298684 -0.021049349 0.299774647 -0.004284061 0.999990582 0.000739756 -3.470234632 0.021052334 -0.000649408 0.999778152 234.935775757
0.999808609 0.004145488 -0.019126732 0.282957554 -0.004128511 0.999991000 0.000927015 -3.487629890 0.019130409 -0.000847873 0.999816656 235.643157959
0.999841452 0.004194152 -0.017305925 0.265606403 -0.004183605 0.999991059 0.000645546 -3.497864962 0.017308477 -0.000573043 0.999850094 236.364746094
0.999873996 0.003725980 -0.015427725 0.260766029 -0.003722064 0.999993026 0.000282491 -3.513894081 0.015428670 -0.000225032 0.999880910 237.089218140
0.999909520 0.003376865 -0.013019751 0.253762007 -0.003367369 0.999994040 0.000751151 -3.526187420 0.013022210 -0.000707241 0.999914885 237.794616699
0.999950826 0.002557494 -0.009584926 0.244222641 -0.002542115 0.999995470 0.001616301 -3.542043686 0.009589015 -0.001591855 0.999952674 238.510421753
0.999973357 0.001884595 -0.007056059 0.241961122 -0.001874208 0.999997079 0.001478408 -3.549937487 0.007058823 -0.001465144 0.999974012 239.203567505
0.999992549 0.001810936 -0.003385921 0.232576311 -0.001805514 0.999997020 0.001603650 -3.565182686 0.003388815 -0.001597525 0.999992967 239.895553589
0.999998987 0.001360867 -0.000237204 0.229231730 -0.001360526 0.999998033 0.001433590 -3.578094721 0.000239154 -0.001433265 0.999998868 240.583587646
0.999993801 0.001432157 0.003204581 0.224309862 -0.001436603 0.999998033 0.001385456 -3.593356371 -0.003202590 -0.001390051 0.999993861 241.269470215
0.999982834 0.002166454 0.005439331 0.231443763 -0.002166418 0.999997795 -0.000012418 -3.599223137 -0.005439344 0.000000634 0.999985218 241.966613770
0.999963403 0.002186749 0.008262374 0.237788081 -0.002184386 0.999997616 -0.000294975 -3.613530874 -0.008262997 0.000276916 0.999965787 242.662307739
0.999936461 0.002705693 0.010939708 0.243395329 -0.002709508 0.999996305 0.000333920 -3.622285366 -0.010938763 -0.000363540 0.999940097 243.369049072
0.999902487 0.002913765 0.013657314 0.251233101 -0.002927464 0.999995172 0.000983194 -3.633872032 -0.013654384 -0.001023080 0.999906242 244.073989868
0.999864876 0.002373110 0.016271330 0.258617640 -0.002387111 0.999996781 0.000841092 -3.646103144 -0.016269282 -0.000879820 0.999867260 244.779083252
0.999824762 0.002748023 0.018518301 0.268464565 -0.002731002 0.999995828 -0.000944420 -3.656163692 -0.018520819 0.000893681 0.999828041 245.485000610
0.999801934 0.001981744 0.019800814 0.287831306 -0.001921441 0.999993443 -0.003064001 -3.670088291 -0.019806756 0.003025348 0.999799252 246.204727173
0.999780476 0.001550278 0.020899169 0.300855160 -0.001449338 0.999987304 -0.004844134 -3.680370569 -0.020906413 0.004812781 0.999769866 246.921493530
0.999777138 0.001360876 0.021065386 0.315202236 -0.001254315 0.999986291 -0.005070992 -3.696184158 -0.021071998 0.005043439 0.999765217 247.639907837
0.999783278 -0.000175628 0.020813121 0.331545353 0.000292307 0.999984264 -0.005603105 -3.711725473 -0.020811806 0.005607974 0.999767721 248.370040894
0.999776065 0.001865749 0.021080347 0.343666553 -0.001743018 0.999981403 -0.005838972 -3.726544142 -0.021090850 0.005800921 0.999760747 249.103164673
0.999767005 0.002202922 0.021472361 0.353987217 -0.002067906 0.999977946 -0.006308056 -3.740913630 -0.021485787 0.006262184 0.999749541 249.839248657
0.999762833 0.000892896 0.021760147 0.369304180 -0.000712721 0.999965429 -0.008286400 -3.755243063 -0.021766795 0.008268925 0.999728858 250.588012695
0.999746621 -0.002770166 0.022338413 0.384595871 0.003001715 0.999942005 -0.010338637 -3.773711443 -0.022308478 0.010403071 0.999696970 251.333847046
0.999721706 -0.005934871 0.022829561 0.404977322 0.006192734 0.999917567 -0.011240987 -3.788449049 -0.022760967 0.011379234 0.999676168 252.099334717
0.999718428 -0.003618291 0.023451611 0.417502880 0.003795204 0.999964654 -0.007503618 -3.800037384 -0.023423633 0.007590507 0.999696791 252.875762939
0.999713898 0.000270291 0.023918470 0.425673485 -0.000231963 0.999998689 -0.001605233 -3.808436632 -0.023918876 0.001599225 0.999712586 253.654296875
0.999691367 -0.000748303 0.024831986 0.443203926 0.000694665 0.999997377 0.002168580 -3.829621792 -0.024833545 -0.002150661 0.999689221 254.457199097
0.999625146 -0.001704252 0.027324414 0.462731838 0.001702091 0.999998510 0.000102351 -3.843408823 -0.027324548 -0.000055804 0.999626517 255.248703003
0.999505520 -0.000768827 0.031433415 0.480414867 0.000961780 0.999980748 -0.006123828 -3.850940704 -0.031428099 0.006151032 0.999487042 256.050231934
0.999385655 0.001497857 0.035014950 0.506861687 -0.001153256 0.999950707 -0.009859658 -3.865471363 -0.035027988 0.009813217 0.999338150 256.864715576
0.999267638 0.003216810 0.038128518 0.533723831 -0.002868160 0.999953568 -0.009195258 -3.884296894 -0.038156319 0.009079163 0.999230623 257.685791016
0.999142468 0.001464030 0.041377362 0.566096306 -0.001172171 0.999974310 -0.007076978 -3.898318529 -0.041386649 0.007022407 0.999118507 258.521118164
0.999017179 -0.001285683 0.044306122 0.609058380 0.001458536 0.999991417 -0.003869209 -3.917884827 -0.044300772 0.003930028 0.999010503 259.361053467
0.998880029 -0.003977797 0.047146305 0.648489952 0.004106594 0.999988019 -0.002635297 -3.931185246 -0.047135256 0.002825955 0.998884559 260.201660156
0.998755097 -0.004022801 0.049720917 0.688530922 0.004118725 0.999989748 -0.001826942 -3.951273918 -0.049713064 0.002029454 0.998761415 261.031921387
0.998607814 -0.000578475 0.052745879 0.727892876 0.000800924 0.999990880 -0.004196327 -3.956970692 -0.052742969 0.004232730 0.998599172 261.883178711
0.998471618 0.000448698 0.055264916 0.767786980 -0.000095908 0.999979615 -0.006386112 -3.972314835 -0.055266656 0.006371052 0.998451352 262.718017578
0.998312831 0.001092795 0.058052894 0.808120728 -0.000721259 0.999979138 -0.006420517 -3.991080284 -0.058058701 0.006367814 0.998292863 263.563171387
0.998168409 0.001155350 0.060485672 0.864569664 -0.000881484 0.999989271 -0.004554256 -4.005906105 -0.060490284 0.004492597 0.998158813 264.420867920
0.997997701 0.002516160 0.063199036 0.915855408 -0.002349457 0.999993563 -0.002711928 -4.028447151 -0.063205451 0.002558013 0.997997284 265.259887695
0.997789383 0.003347345 0.066371426 0.965560913 -0.003155170 0.999990523 -0.003000061 -4.042294502 -0.066380836 0.002784016 0.997790515 266.119049072
0.997619867 0.003487366 0.068864994 1.028476715 -0.003237208 0.999987781 -0.003743857 -4.053291321 -0.068877213 0.003512016 0.997618973 266.968078613
0.997459829 0.001676607 0.071210504 1.090127945 -0.001364560 0.999989331 -0.004430449 -4.067291260 -0.071217172 0.004322025 0.997451425 267.819946289
0.997327328 -0.000846179 0.073058099 1.151109695 0.001131842 0.999991894 -0.003868778 -4.078442097 -0.073054247 0.003941129 0.997320116 268.662963867
0.997270942 -0.001571755 0.073810607 1.218271255 0.001843844 0.999991775 -0.003618310 -4.100543976 -0.073804319 0.003744532 0.997265697 269.515319824
0.997210920 -0.002782574 0.074582919 1.275077820 0.003059464 0.999988854 -0.003598527 -4.122771263 -0.074572094 0.003816674 0.997208357 270.387969971
0.997227013 -0.002516368 0.074376993 1.343610764 0.002791894 0.999989629 -0.003600706 -4.134125233 -0.074367173 0.003798374 0.997223675 271.237426758
0.997222602 -0.003005125 0.074418493 1.394962311 0.003207552 0.999991417 -0.002600758 -4.158955097 -0.074410051 0.002832235 0.997223794 272.098693848
0.997245193 -0.002563649 0.074130975 1.451921463 0.002747820 0.999993384 -0.002382526 -4.172784805 -0.074124396 0.002579661 0.997245669 272.954437256
0.997366726 -0.002149217 0.072491355 1.530275345 0.002386381 0.999992073 -0.003185179 -4.192161560 -0.072483927 0.003349784 0.997363985 273.835449219
0.997470379 -0.001919157 0.071057811 1.585208893 0.002210452 0.999989510 -0.004021019 -4.210558891 -0.071049333 0.004167917 0.997464120 274.688659668
0.997595489 -0.001757830 0.069284603 1.647804260 0.002086338 0.999986887 -0.004669350 -4.230525970 -0.069275491 0.004802674 0.997586012 275.556945801
0.997705936 -0.000825478 0.067692354 1.699594498 0.001171095 0.999986529 -0.005066182 -4.247571945 -0.067687243 0.005133835 0.997693419 276.410064697
0.997824669 0.000688729 0.065918900 1.751537323 -0.000347207 0.999986470 -0.005192247 -4.269243240 -0.065921582 0.005158066 0.997811377 277.260070801
0.997976184 0.001162405 0.063576825 1.802066803 -0.000873481 0.999989212 -0.004572089 -4.285346031 -0.063581444 0.004507303 0.997966409 278.105468750
0.998138189 0.001067393 0.060984265 1.846526146 -0.000872393 0.999994397 -0.003224074 -4.303377628 -0.060987368 0.003164869 0.998133540 278.970611572
0.998394370 -0.000366492 0.056644589 1.891359329 0.000405230 0.999999762 -0.000672403 -4.321906567 -0.056644332 0.000694277 0.998394191 279.810791016
0.998670697 -0.001881091 0.051513217 1.934663773 0.001825969 0.999997675 0.001117100 -4.341123104 -0.051515210 -0.001021554 0.998671770 280.664093018
0.998883665 -0.002381964 0.047178037 1.969830513 0.002270659 0.999994516 0.002412701 -4.356180191 -0.047183525 -0.002302884 0.998883605 281.506988525
0.999094427 -0.002449310 0.042478304 1.996825218 0.002338017 0.999993682 0.002669465 -4.365481377 -0.042484574 -0.002567732 0.999093831 282.326934814
0.999286830 -0.003333935 0.037615608 2.031472206 0.003203198 0.999988556 0.003535403 -4.381042957 -0.037626967 -0.003412392 0.999286175 283.147369385
0.999452293 -0.004032666 0.032847442 2.054035187 0.003923871 0.999986529 0.003375965 -4.390734196 -0.032860614 -0.003245227 0.999454677 283.947540283
0.999569178 -0.004589122 0.028989164 2.070771217 0.004493190 0.999984205 0.003373546 -4.407361031 -0.029004183 -0.003241838 0.999574184 284.737884521
0.999679506 -0.004125110 0.024973895 2.088200569 0.004048287 0.999986827 0.003125947 -4.420145512 -0.024986463 -0.003023842 0.999683201 285.511077881
0.999770045 -0.004159515 0.021035105 2.100406170 0.004094696 0.999986708 0.003123569 -4.434828281 -0.021047821 -0.003036720 0.999773800 286.261779785
