0.999998510 0.000824526 0.001580464 -0.000120873 -0.000823036 0.999999225 -0.000943050 -0.000974479 -0.001581241 0.000941748 0.999998271 0.054229993
0.999994159 0.001239323 0.003182188 -0.000436082 -0.001237355 0.999999046 -0.000620196 -0.001839534 -0.003182953 0.000616255 0.999994755 0.108599760
0.999990344 0.000591555 0.004334713 -0.000519070 -0.000591360 0.999999821 -0.000046259 -0.002870508 -0.004334740 0.000043695 0.999990523 0.162742615
0.999987483 0.000309322 0.004989903 -0.000236065 -0.000308786 0.999999940 -0.000108079 -0.003782680 -0.004989937 0.000106537 0.999987543 0.217110515
0.999981761 0.000241018 0.006037863 -0.000185526 -0.000239807 0.999999940 -0.000201156 -0.004607196 -0.006037911 0.000199705 0.999981761 0.271530628
0.999976277 0.000755745 0.006846330 0.000127599 -0.000748629 0.999999166 -0.001041823 -0.005567909 -0.006847110 0.001036673 0.999976039 0.325980693
0.999970376 0.000628607 0.007666680 0.000056012 -0.000619619 0.999999106 -0.001174653 -0.006685211 -0.007667413 0.001169867 0.999969900 0.379485458
0.999969602 -0.000169837 0.007796686 0.000175804 0.000169097 1.000000000 0.000095562 -0.007525862 -0.007796701 -0.000094240 0.999969602 0.433644593
0.999974608 -0.001516330 0.006959315 -0.000042901 0.001507289 0.999998033 0.001304103 -0.008878962 -0.006961279 -0.001293581 0.999974906 0.488455057
0.999989450 -0.002064019 0.004105352 0.000191110 0.002060420 0.999997497 0.000880894 -0.009711559 -0.004107160 -0.000872426 0.999991179 0.541694283
0.999996364 -0.002022528 0.001762623 0.000308235 0.002021482 0.999997735 0.000595174 -0.010816598 -0.001763823 -0.000591609 0.999998331 0.596428812
0.999998331 -0.001667851 0.000663708 -0.000062751 0.001667519 0.999998510 0.000500827 -0.011630644 -0.000664542 -0.000499719 0.999999642 0.649918258
0.999999583 -0.000332006 -0.000725035 0.000424621 0.000331902 0.999999881 -0.000144514 -0.012167108 0.000725084 0.000144274 0.999999702 0.704655051
0.999999702 -0.000418814 -0.000821928 -0.000572108 0.000418869 0.999999881 0.000066457 -0.013097392 0.000821900 -0.000066801 0.999999642 0.758445680
0.999998569 -0.000847474 -0.001500141 -0.000644460 0.000848550 0.999999344 0.000717309 -0.014161877 0.001499533 -0.000718581 0.999998569 0.812883496
0.999997020 -0.001544121 -0.001873619 -0.000970508 0.001545487 0.999998510 0.000727966 -0.014928255 0.001872492 -0.000730860 0.999997973 0.867501855
0.999997199 -0.001095947 -0.002134032 -0.001563594 0.001096142 0.999999404 0.000090359 -0.016047960 0.002133932 -0.000092698 0.999997735 0.921870947
0.999993742 -0.001832334 -0.003023596 -0.001929591 0.001829199 0.999997914 -0.001039289 -0.016909530 0.003025494 0.001033752 0.999994814 0.974988878
0.999989688 -0.000940929 -0.004448909 -0.001697426 0.000939856 0.999999583 -0.000243308 -0.017957911 0.004449136 0.000239125 0.999990046 1.029260397
0.999988854 -0.000666406 -0.004678007 -0.002665568 0.000663270 0.999999583 -0.000671708 -0.018919036 0.004678452 0.000668597 0.999988854 1.083390594
0.999990106 -0.000912315 -0.004376403 -0.004234394 0.000906831 0.999998808 -0.001254806 -0.020041449 0.004377543 0.001250824 0.999989688 1.136926055
0.999978065 -0.000747922 -0.006584496 -0.003688767 0.000742586 0.999999404 -0.000812739 -0.020664060 0.006585101 0.000807832 0.999978006 1.191816330
0.999969065 -0.002024237 -0.007598244 -0.003825782 0.002027596 0.999997854 0.000434472 -0.021363176 0.007597349 -0.000449865 0.999971032 1.246967912
0.999963403 -0.002511363 -0.008177869 -0.004796733 0.002518156 0.999996483 0.000820472 -0.022535078 0.008175778 -0.000841035 0.999966145 1.300883174
0.999956667 -0.003825869 -0.008497078 -0.005789855 0.003827984 0.999992609 0.000232629 -0.023738306 0.008496124 -0.000265146 0.999963760 1.355343342
0.999946177 -0.003173029 -0.009872288 -0.006016098 0.003170299 0.999995053 -0.000292130 -0.025327280 0.009873163 0.000260816 0.999951243 1.409393311
0.999942780 -0.003844643 -0.009982273 -0.007744476 0.003838625 0.999992430 -0.000622015 -0.025440529 0.009984588 0.000583662 0.999949992 1.462287903
0.999934852 -0.002592508 -0.011113834 -0.007746101 0.002596519 0.999996483 0.000346536 -0.027466107 0.011112899 -0.000375371 0.999938130 1.518644452
0.999926805 -0.003190208 -0.011667335 -0.009007857 0.003204564 0.999994099 0.001211989 -0.028620090 0.011663401 -0.001249289 0.999931216 1.573324800
0.999903262 -0.004332053 -0.013215481 -0.008420915 0.004337287 0.999990523 0.000367343 -0.029151801 0.013213763 -0.000424626 0.999912620 1.628289580
0.999883056 -0.004391374 -0.014650517 -0.008205371 0.004383263 0.999990284 -0.000585659 -0.029391551 0.014652946 0.000521374 0.999892533 1.682813048
0.999898434 -0.004734159 -0.013442215 -0.010753341 0.004746249 0.999988317 0.000867697 -0.030870073 0.013437951 -0.000931409 0.999909222 1.737392664
0.999902487 -0.004731281 -0.013138845 -0.012023928 0.004759985 0.999986351 0.002154330 -0.031659380 0.013128472 -0.002216661 0.999911368 1.791818023
0.999907076 -0.004059846 -0.013013260 -0.012951228 0.004105875 0.999985456 0.003512271 -0.033223145 0.012998810 -0.003565375 0.999909103 1.846597552
0.999910891 -0.003263867 -0.012945793 -0.014308152 0.003298071 0.999991119 0.002621631 -0.033448931 0.012937121 -0.002664094 0.999912739 1.900894880
0.999910593 -0.001898704 -0.013233746 -0.015045653 0.001932500 0.999994993 0.002541486 -0.034309868 0.013228853 -0.002566834 0.999909103 1.955196619
0.999925137 0.000479093 -0.012225651 -0.016174644 -0.000427121 0.999990880 0.004253369 -0.034930021 0.012227578 -0.004247829 0.999916136 2.010323048
0.999939322 -0.000004929 -0.011014408 -0.016665561 0.000093323 0.999967813 0.008024802 -0.036195084 0.011014012 -0.008025343 0.999907076 2.065092802
0.999959826 0.001053484 -0.008903218 -0.017613472 -0.000963503 0.999948502 0.010104848 -0.036096476 0.008913403 -0.010095862 0.999909282 2.120249510
0.999971569 0.001952511 -0.007289543 -0.018236373 -0.001856384 0.999911547 0.013170540 -0.036166362 0.007314614 -0.013156631 0.999886632 2.175096750
0.999979615 0.001212728 -0.006270526 -0.018481130 -0.001122138 0.999895275 0.014430447 -0.036227860 0.006287368 -0.014423117 0.999876201 2.229758501
0.999987185 -0.000774612 -0.004994511 -0.018140109 0.000836670 0.999922276 0.012435027 -0.036321975 0.004984489 -0.012439046 0.999910176 2.285116911
0.999993801 0.000503218 -0.003482489 -0.019598749 -0.000464378 0.999937773 0.011144834 -0.036737673 0.003487881 -0.011143148 0.999931753 2.339009523
0.999995172 0.000800972 -0.003009885 -0.019634880 -0.000768999 0.999943435 0.010609210 -0.037078820 0.003018213 -0.010606842 0.999939144 2.393794775
0.999995470 0.000175217 -0.003000512 -0.020182284 -0.000146058 0.999952734 0.009715579 -0.037055459 0.003002072 -0.009715097 0.999948323 2.448256493
0.999993324 -0.000835746 -0.003542703 -0.020660499 0.000865039 0.999965370 0.008275275 -0.037500039 0.003535664 -0.008278283 0.999959469 2.502827644
0.999984443 -0.000469197 -0.005555245 -0.020717399 0.000520022 0.999957919 0.009151263 -0.037791982 0.005550717 -0.009154009 0.999942720 2.558086872
0.999974251 -0.001556030 -0.007005665 -0.021159247 0.001622393 0.999953747 0.009477157 -0.037909169 0.006990594 -0.009488280 0.999930561 2.613493204
0.999966800 -0.000842185 -0.008107550 -0.022053555 0.000933500 0.999936104 0.011265764 -0.039196149 0.008097542 -0.011272959 0.999903679 2.667957067
0.999953151 0.000034362 -0.009677864 -0.022083700 0.000076722 0.999934077 0.011477478 -0.039730750 0.009677620 -0.011477682 0.999887288 2.722620249
0.999950886 0.000431713 -0.009897139 -0.023316931 -0.000322199 0.999938726 0.011064216 -0.040139202 0.009901310 -0.011060483 0.999889791 2.778801441
0.999949872 -0.000522566 -0.009994946 -0.024239536 0.000626271 0.999945998 0.010375438 -0.040379256 0.009988984 -0.010381180 0.999896228 2.833638668
0.999946475 -0.001575679 -0.010225639 -0.025164803 0.001675016 0.999951422 0.009713169 -0.040989902 0.010209839 -0.009729779 0.999900520 2.888125896
0.999938309 -0.002086474 -0.010903852 -0.025577363 0.002206340 0.999937057 0.010992486 -0.041369472 0.010880230 -0.011015865 0.999880135 2.943814278
0.999933541 -0.001796186 -0.011391995 -0.026220866 0.001938314 0.999920189 0.012477409 -0.041758779 0.011368677 -0.012498663 0.999857306 2.998931408
0.999931693 -0.001877066 -0.011530770 -0.027517587 0.002003399 0.999937952 0.010954457 -0.042400587 0.011509494 -0.010976811 0.999873459 3.052931309
0.999929190 -0.000420257 -0.011892161 -0.028071254 0.000539328 0.999949694 0.010011116 -0.043114431 0.011887357 -0.010016822 0.999879122 3.107473850
0.999928057 0.001697427 -0.011872480 -0.029238805 -0.001572529 0.999943435 0.010521446 -0.043519642 0.011889667 -0.010502020 0.999874175 3.162211657
0.999919534 0.003725748 -0.012118311 -0.030023389 -0.003601069 0.999940455 0.010294077 -0.043603040 0.012155944 -0.010249611 0.999873579 3.216821432
0.999914587 0.005513764 -0.011848112 -0.031051263 -0.005383139 0.999924719 0.011028727 -0.044180952 0.011908028 -0.010964003 0.999868929 3.271342516
0.999915540 0.006221278 -0.011406014 -0.031360690 -0.006081614 0.999906719 0.012238830 -0.044455953 0.011481089 -0.012168429 0.999860048 3.326202631
0.999926984 0.007419678 -0.009536435 -0.032201678 -0.007298832 0.999893427 0.012644994 -0.044663589 0.009629240 -0.012574463 0.999874532 3.380677223
0.999959707 0.006365330 -0.006331967 -0.033241086 -0.006298832 0.999925375 0.010466984 -0.045241278 0.006398119 -0.010426679 0.999925137 3.433984041
0.999984562 0.003517880 -0.004298100 -0.033192433 -0.003495648 0.999980509 0.005169036 -0.045855537 0.004316200 -0.005153932 0.999977350 3.488084078
0.999978304 0.006366535 -0.001697482 -0.033390284 -0.006358817 0.999969542 0.004514280 -0.046247322 0.001726171 -0.004503387 0.999988377 3.542050123
0.999985635 0.005176567 0.001400180 -0.033445098 -0.005187825 0.999953330 0.008160895 -0.046784967 -0.001357869 -0.008168041 0.999965727 3.595998764
0.999980927 0.003977150 0.004711802 -0.033629127 -0.004022250 0.999945819 0.009601402 -0.047508582 -0.004673359 -0.009620173 0.999942780 3.648070097
0.999955833 0.004130844 0.008435940 -0.033385217 -0.004197477 0.999960005 0.007896410 -0.048008617 -0.008402985 -0.007931469 0.999933183 3.701873779
0.999920011 0.003619816 0.012117470 -0.033027705 -0.003677350 0.999981999 0.004729002 -0.048976682 -0.012100134 -0.004773184 0.999915421 3.754354000
0.999884129 0.002416094 0.015030962 -0.031911850 -0.002430867 0.999996543 0.000964659 -0.049589012 -0.015028579 -0.001001086 0.999886572 3.808043957
0.999821901 0.001607360 0.018799523 -0.031144664 -0.001613124 0.999998629 0.000291442 -0.050365485 -0.018799031 -0.000321716 0.999823213 3.858725309
0.999757528 0.001391640 0.021974821 -0.030001596 -0.001428497 0.999997497 0.001661628 -0.050970115 -0.021972457 -0.001692616 0.999757171 3.912966967
0.999658942 0.002315883 0.026011644 -0.028981581 -0.002381989 0.999993980 0.002510692 -0.052142568 -0.026005674 -0.002571795 0.999658465 3.964024782
0.999563277 0.001591348 0.029507466 -0.027915925 -0.001609933 0.999998569 0.000606086 -0.053290904 -0.029506462 -0.000653327 0.999564350 4.017433643
0.999453366 0.001392731 0.033028174 -0.026125446 -0.001336152 0.999997616 -0.001735050 -0.054172434 -0.033030510 0.001689971 0.999452829 4.068711758
0.999358714 0.001226269 0.035784889 -0.024228975 -0.001158891 0.999997497 -0.001903547 -0.055310033 -0.035787135 0.001860855 0.999357700 4.122026920
0.999248862 -0.000100272 0.038750164 -0.022178441 0.000142725 0.999999404 -0.001092776 -0.056036126 -0.038750019 0.001097486 0.999248326 4.173293591
0.999142587 -0.000134724 0.041401744 -0.020173416 0.000113160 0.999999821 0.000523206 -0.056831010 -0.041401811 -0.000518073 0.999142468 4.225961685
0.999011278 -0.001068978 0.044444103 -0.018244937 0.000988464 0.999997854 0.001833515 -0.057508141 -0.044445973 -0.001787771 0.999010205 4.277733326
0.998907328 -0.002733289 0.046654649 -0.015927732 0.002601657 0.999992490 0.002881891 -0.058511827 -0.046662178 -0.002757363 0.998906970 4.330223083
0.998782039 -0.003679414 0.049202014 -0.013602957 0.003684201 0.999993205 -0.000006602 -0.058676019 -0.049201652 0.000187863 0.998788834 4.382181168
0.998651564 -0.005313413 0.051641487 -0.011535645 0.005447817 0.999982119 -0.002462193 -0.060742393 -0.051627483 0.002740206 0.998662651 4.433295250
0.998572350 -0.004594716 0.053218413 -0.007390797 0.004877714 0.999974668 -0.005189010 -0.061499290 -0.053193226 0.005441186 0.998569429 4.487269402
0.998445570 -0.004664731 0.055539075 -0.006306767 0.005023707 0.999967396 -0.006325612 -0.062453948 -0.055507757 0.006594791 0.998436391 4.539358139
0.998458087 -0.005020524 0.055282820 -0.003216624 0.005326167 0.999971330 -0.005382752 -0.063993357 -0.055254206 0.005668898 0.998456180 4.591716290
0.998496234 -0.004345888 0.054648433 -0.000552803 0.004576735 0.999981105 -0.004099751 -0.064103886 -0.054629587 0.004343696 0.998497248 4.646299839
0.998547554 -0.004960976 0.053648386 0.001802340 0.005108856 0.999983609 -0.002619678 -0.065382890 -0.053634498 0.002889955 0.998556435 4.698732376
0.998660147 -0.004463669 0.051556446 0.004275754 0.004575891 0.999987423 -0.002058846 -0.065996528 -0.051546607 0.002292004 0.998667896 4.753192902
0.998784840 -0.003836701 0.049133949 0.006865025 0.003909914 0.999991357 -0.001394030 -0.067186765 -0.049128179 0.001584445 0.998791218 4.806853771
0.998912036 -0.003487024 0.046503332 0.008288637 0.003572735 0.999992073 -0.001760151 -0.067822315 -0.046496827 0.001924380 0.998916507 4.860800266
0.999109924 -0.002357155 0.042116947 0.010724753 0.002442166 0.999994993 -0.001967107 -0.069078609 -0.042112101 0.002068212 0.999110818 4.916601181
0.999257565 -0.001883188 0.038480867 0.012476355 0.001937580 0.999997199 -0.001376241 -0.070278488 -0.038478162 0.001449779 0.999258399 4.968474865
0.999395192 -0.001007900 0.034760047 0.013761818 0.001020202 0.999999464 -0.000336166 -0.071137138 -0.034759693 0.000371425 0.999395669 5.023786545
0.999544263 -0.000648186 0.030180214 0.015653491 0.000635128 0.999999642 0.000442275 -0.071975864 -0.030180495 -0.000422905 0.999544382 5.078464031
0.999671578 -0.000936079 0.025610635 0.016453326 0.000916780 0.999999285 0.000765292 -0.072592184 -0.025611332 -0.000741561 0.999671698 5.133362293
0.999781370 0.000022413 0.020910900 0.017724119 -0.000043839 0.999999583 0.001024202 -0.073698126 -0.020910865 -0.001024895 0.999780834 5.188605785
0.999882221 0.000456144 0.015342763 0.018965822 -0.000474204 0.999999225 0.001173463 -0.074399970 -0.015342215 -0.001180601 0.999881566 5.242648602
0.999940574 0.001146722 0.010840816 0.019193776 -0.001154574 0.999999046 0.000718016 -0.075364307 -0.010839983 -0.000730490 0.999940991 5.298095226
0.999979675 0.002124211 0.006012590 0.018983316 -0.002125149 0.999997675 0.000149653 -0.076023057 -0.006012258 -0.000162428 0.999981940 5.353268623
0.999988556 0.004051561 0.002551211 0.019059656 -0.004051860 0.999991775 0.000112394 -0.076944523 -0.002550735 -0.000122730 0.999996722 5.409132481
0.999981999 0.005985057 0.000485946 0.019099049 -0.005985203 0.999982059 0.000300101 -0.077857427 -0.000484141 -0.000303004 0.999999821 5.465181828
0.999973416 0.007272873 -0.000481230 0.018246038 -0.007272987 0.999973536 -0.000235915 -0.078763455 0.000479502 0.000239409 0.999999881 5.521453857
0.999955773 0.009284586 -0.001472608 0.017814592 -0.009283639 0.999956727 0.000648911 -0.080282077 0.001478569 -0.000635212 0.999998689 5.576287746
0.999939263 0.010704149 -0.002634789 0.017552510 -0.010701904 0.999942303 0.000864571 -0.080438621 0.002643891 -0.000836321 0.999996126 5.634325027
0.999938726 0.010529080 -0.003420204 0.017344382 -0.010524453 0.999943674 0.001368347 -0.081598833 0.003434419 -0.001332268 0.999993205 5.690832615
0.999889672 0.014250546 -0.004196152 0.016336748 -0.014237127 0.999893427 0.003209796 -0.081940107 0.004241446 -0.003149701 0.999986053 5.746446609
0.999877393 0.014834015 -0.005004633 0.015965782 -0.014803456 0.999871850 0.006088412 -0.082206592 0.005094307 -0.006013581 0.999968946 5.802932739
0.999884665 0.014216344 -0.005341588 0.015144095 -0.014183322 0.999880373 0.006169951 -0.083407104 0.005428663 -0.006093478 0.999966681 5.859518051
0.999884903 0.014030228 -0.005770055 0.014448967 -0.014002451 0.999890327 0.004826892 -0.083918624 0.005837144 -0.004745541 0.999971688 5.915913105
0.999915838 0.011292002 -0.006391255 0.013889804 -0.011256203 0.999920905 0.005609693 -0.084682085 0.006454094 -0.005537278 0.999963880 5.973003864
0.999933779 0.008776392 -0.007432874 0.013357963 -0.008722194 0.999935389 0.007292676 -0.085075706 0.007496397 -0.007227362 0.999945760 6.029545307
0.999953747 0.005596607 -0.007810585 0.013207044 -0.005525444 0.999943316 0.009102858 -0.086000882 0.007861087 -0.009059280 0.999928057 6.086831093
0.999961197 0.003586130 -0.008044937 0.012281034 -0.003500883 0.999937832 0.010585457 -0.086479351 0.008082398 -0.010556879 0.999911606 6.143645763
0.999968231 -0.000791284 -0.007924465 0.011789586 0.000858742 0.999963343 0.008512804 -0.086534843 0.007917440 -0.008519338 0.999932349 6.200826645
0.999965191 -0.002845348 -0.007859630 0.011069868 0.002908409 0.999963582 0.008023739 -0.087735258 0.007836514 -0.008046317 0.999936938 6.258041382
0.999966323 -0.004256298 -0.007020260 0.010175444 0.004309899 0.999961495 0.007637683 -0.088148519 0.006987483 -0.007667683 0.999946237 6.315618992
0.999964535 -0.004319679 -0.007231671 0.009630527 0.004376412 0.999959648 0.007847616 -0.088569358 0.007197480 -0.007878987 0.999943018 6.373322487
0.999973476 -0.003679296 -0.006295654 0.009089448 0.003739999 0.999946415 0.009657416 -0.088635772 0.006259783 -0.009680706 0.999933541 6.431438923
0.999980152 -0.001718659 -0.006061863 0.008456387 0.001788734 0.999931455 0.011573484 -0.089715533 0.006041557 -0.011584098 0.999914646 6.489300728
0.999983251 -0.001834794 -0.005498567 0.007944122 0.001888071 0.999951184 0.009699703 -0.090075098 0.005480502 -0.009709923 0.999937832 6.546656132
0.999988139 -0.000606735 -0.004827766 0.006889354 0.000646645 0.999965608 0.008269401 -0.090772137 0.004822583 -0.008272425 0.999954164 6.604273319
0.999991417 -0.000791431 -0.004044672 0.006254656 0.000813669 0.999984503 0.005499589 -0.091273680 0.004040258 -0.005502834 0.999976754 6.662613869
0.999989331 -0.002380366 -0.003958813 0.005940581 0.002386153 0.999996066 0.001457500 -0.092164755 0.003955328 -0.001466931 0.999991119 6.719697952
0.999991417 -0.002822750 -0.003040619 0.004916767 0.002816400 0.999993801 -0.002090571 -0.093218893 0.003046501 0.002081990 0.999993265 6.777439117
0.999991953 -0.002408786 -0.003210515 0.005019050 0.002399497 0.999992847 -0.002893975 -0.094354585 0.003217464 0.002886247 0.999990642 6.835311890
0.999992371 -0.002664787 -0.002859848 0.004508296 0.002657383 0.999993086 -0.002589497 -0.095716685 0.002866728 0.002581877 0.999992609 6.892561436
0.999991894 -0.002246177 -0.003342134 0.003771044 0.002239606 0.999995530 -0.001968584 -0.096834145 0.003346541 0.001961082 0.999992490 6.950333118
0.999990880 -0.001652060 -0.003930580 0.004183026 0.001647834 0.999998033 -0.001078124 -0.097749390 0.003932353 0.001071637 0.999991715 7.007151127
0.999992073 -0.001146529 -0.003825505 0.002956016 0.001143466 0.999998987 -0.000802770 -0.098383211 0.003826422 0.000798389 0.999992371 7.065324306
0.999988317 -0.000921042 -0.004747172 0.003024533 0.000916041 0.999999046 -0.001055556 -0.099674299 0.004748140 0.001051195 0.999988198 7.121932507
0.999984086 0.000033306 -0.005654369 0.002481513 -0.000037331 0.999999762 -0.000711799 -0.100604549 0.005654343 0.000711999 0.999983788 7.178401947
0.999980330 -0.000250126 -0.006268103 0.002325535 0.000253799 0.999999821 0.000585206 -0.102151722 0.006267956 -0.000586785 0.999980211 7.236070156
0.999980271 0.000506446 -0.006259654 0.000601817 -0.000500894 0.999999404 0.000888431 -0.102935962 0.006260100 -0.000885279 0.999979973 7.291641712
0.999976039 0.000128774 -0.006913876 0.000166427 -0.000131360 0.999999881 -0.000373630 -0.103849754 0.006913828 0.000374529 0.999975979 7.349450588
0.999972582 0.001660547 -0.007236252 -0.001319584 -0.001668632 0.999997914 -0.001111485 -0.105265118 0.007234393 0.001123529 0.999973118 7.405186176
0.999970138 0.001985474 -0.007475181 -0.002298500 -0.001993737 0.999997377 -0.001098025 -0.106296740 0.007472982 0.001112896 0.999971449 7.463021755
0.999961436 0.001042720 -0.008717170 -0.002747007 -0.001062258 0.999996901 -0.002237046 -0.107230678 0.008714810 0.002246220 0.999959528 7.519215107
0.999950469 0.001939291 -0.009760003 -0.003468916 -0.001971402 0.999992669 -0.003281503 -0.108517751 0.009753567 0.003300581 0.999947011 7.575386047
0.999950469 0.002868398 -0.009533243 -0.004918389 -0.002894324 0.999992132 -0.002706848 -0.109697305 0.009525405 0.002734306 0.999950945 7.632410049
0.999937117 0.001482765 -0.011115440 -0.005160786 -0.001500032 0.999997675 -0.001545311 -0.111070037 0.011113122 0.001561887 0.999936938 7.690120697
0.999928772 0.001495250 -0.011838526 -0.006191306 -0.001505441 0.999998510 -0.000851976 -0.112362348 0.011837234 0.000869737 0.999929547 7.747356892
0.999913812 0.002259301 -0.012931596 -0.006940529 -0.002270068 0.999997079 -0.000817981 -0.113220304 0.012929709 0.000847266 0.999916077 7.803909779
0.999909759 0.003496561 -0.012969731 -0.008566715 -0.003504290 0.999993682 -0.000573284 -0.114157185 0.012967642 0.000618681 0.999915779 7.861151218
0.999896884 0.002661869 -0.014109228 -0.009296753 -0.002680527 0.999995530 -0.001303691 -0.115604609 0.014105695 0.001341377 0.999899626 7.919435024
0.999894798 0.003765826 -0.014009832 -0.011211693 -0.003787735 0.999991596 -0.001537666 -0.116524912 0.014003925 0.001590570 0.999900699 7.976023674
0.999879956 0.004126579 -0.014933838 -0.011720963 -0.004147696 0.999990463 -0.001383375 -0.117458306 0.014927984 0.001445150 0.999887526 8.032795906
0.999876678 0.003608709 -0.015284744 -0.013151668 -0.003642232 0.999991000 -0.002165986 -0.119324543 0.015276789 0.002221389 0.999880850 8.088857651
0.999884307 0.002036548 -0.015073031 -0.013953611 -0.002106845 0.999986887 -0.004649329 -0.119431846 0.015063364 0.004680548 0.999875605 8.146974564
0.999872506 -0.000805016 -0.015947649 -0.014739156 0.000735886 0.999990225 -0.004340204 -0.120658427 0.015950987 0.004327915 0.999863386 8.204622269
0.999870718 -0.000875178 -0.016053624 -0.015937351 0.000864792 0.999999464 -0.000653889 -0.121817902 0.016054187 0.000639923 0.999870956 8.262007713
0.999879777 -0.001485546 -0.015432877 -0.017545722 0.001551250 0.999989808 0.004246255 -0.123317979 0.015426412 -0.004269687 0.999871850 8.317958832
0.999885440 -0.000153170 -0.015132333 -0.019515894 0.000210143 0.999992907 0.003763465 -0.124400377 0.015131649 -0.003766214 0.999878347 8.374566078
0.999874651 0.000459573 -0.015826877 -0.019701883 -0.000453975 0.999999821 0.000357251 -0.125087604 0.015827039 -0.000350021 0.999874711 8.431200027
0.999874115 0.000320352 -0.015865674 -0.021132551 -0.000345025 0.999998689 -0.001552355 -0.126231074 0.015865160 0.001557634 0.999872923 8.487915039
0.999866843 0.000662739 -0.016305273 -0.021675482 -0.000676148 0.999999404 -0.000816859 -0.128047436 0.016304724 0.000827776 0.999866724 8.545429230
0.999877870 0.000920617 -0.015596271 -0.023697428 -0.000918852 0.999999523 0.000120362 -0.128797576 0.015596375 -0.000106017 0.999878287 8.601263046
0.999883711 0.001165618 -0.015203156 -0.025020458 -0.001131738 0.999996901 0.002236917 -0.129639417 0.015205716 -0.002219451 0.999881864 8.657022476
0.999895036 0.000415359 -0.014481029 -0.025877707 -0.000360111 0.999992728 0.003817610 -0.131363943 0.014482509 -0.003811995 0.999887824 8.712184906
0.999913454 0.000389774 -0.013151340 -0.027551040 -0.000355685 0.999996603 0.002594293 -0.131355435 0.013152306 -0.002589391 0.999910116 8.769314766
0.999929547 -0.000654369 -0.011850483 -0.027571313 0.000665826 0.999999344 0.000962910 -0.132510215 0.011849846 -0.000970733 0.999929249 8.825522423
0.999945760 -0.000860164 -0.010378852 -0.028915517 0.000853052 0.999999404 -0.000689634 -0.133281469 0.010379440 0.000680743 0.999945819 8.880957603
0.999960542 -0.001306378 -0.008781564 -0.030413892 0.001293905 0.999998212 -0.001425839 -0.133759096 0.008783410 0.001414420 0.999960423 8.936101913
0.999965608 -0.001336164 -0.008174697 -0.029825781 0.001331807 0.999998987 -0.000538415 -0.135255963 0.008175408 0.000527510 0.999966443 8.992313385
0.999976456 -0.001781208 -0.006627004 -0.031053521 0.001793396 0.999996722 0.001833742 -0.136937037 0.006623717 -0.001845584 0.999976337 9.047295570
0.999985039 -0.000422083 -0.005458508 -0.031205764 0.000434162 0.999997377 0.002211839 -0.137854293 0.005457560 -0.002214175 0.999982655 9.102718353
0.999994278 -0.000690332 -0.003326034 -0.032593213 0.000695943 0.999998331 0.001685924 -0.138111770 0.003324865 -0.001688229 0.999993026 9.157430649
0.999994278 -0.000247864 -0.003388366 -0.032037169 0.000256189 0.999996901 0.002456828 -0.139640570 0.003387746 -0.002457682 0.999991238 9.212096214
0.999997854 -0.001023854 -0.001857587 -0.032915831 0.001028354 0.999996483 0.002422863 -0.140745595 0.001855100 -0.002424768 0.999995351 9.266239166
0.999999404 0.000080005 -0.001037354 -0.033317421 -0.000077704 0.999997497 0.002217747 -0.141674161 0.001037529 -0.002217666 0.999997020 9.320007324
0.999999702 -0.000603401 -0.000490323 -0.033564210 0.000604465 0.999997497 0.002173940 -0.142946199 0.000489010 -0.002174236 0.999997497 9.373713493
0.999998927 -0.001441917 -0.000338981 -0.033184994 0.001442577 0.999997079 0.001953045 -0.143482670 0.000336164 -0.001953532 0.999998033 9.425181389
0.999999344 -0.001075072 0.000601586 -0.034306478 0.001073036 0.999993742 0.003375618 -0.144875795 -0.000605211 -0.003374969 0.999994099 9.478316307
0.999999583 -0.000775336 0.000391560 -0.034460917 0.000773744 0.999991536 0.004049048 -0.145350426 -0.000394696 -0.004048743 0.999991715 9.530051231
0.999998927 -0.001465339 -0.000228129 -0.034856763 0.001466309 0.999989629 0.004308119 -0.146816686 0.000221814 -0.004308449 0.999990702 9.579812050
0.999998629 -0.001386399 -0.000987588 -0.034884229 0.001390068 0.999992073 0.003723974 -0.148086458 0.000982417 -0.003725341 0.999992549 9.630275726
0.999999344 -0.000904602 -0.000784766 -0.036117334 0.000906937 0.999995112 0.002980855 -0.149058282 0.000782065 -0.002981565 0.999995232 9.679547310
0.999997556 -0.001049280 -0.001942489 -0.035657562 0.001054898 0.999995232 0.002893490 -0.150174066 0.001939444 -0.002895532 0.999993920 9.727181435
0.999995887 -0.001032390 -0.002654799 -0.036894731 0.001039199 0.999996126 0.002564628 -0.150474608 0.002652141 -0.002567377 0.999993205 9.776042938
0.999986887 -0.001215754 -0.004963099 -0.036301367 0.001233593 0.999992788 0.003592749 -0.151489884 0.004958694 -0.003598824 0.999981225 9.821812630
0.999974847 -0.002024622 -0.006792010 -0.037046921 0.002061530 0.999983132 0.005431465 -0.152361140 0.006780898 -0.005445330 0.999962211 9.869267464
0.999952376 -0.002545847 -0.009415157 -0.037086077 0.002613323 0.999970913 0.007161397 -0.153371125 0.009396652 -0.007185660 0.999930024 9.915937424
0.999927461 -0.002605414 -0.011755799 -0.037867062 0.002688635 0.999971509 0.007069019 -0.153934360 0.011737047 -0.007100114 0.999905825 9.960944176
0.999894857 -0.002762581 -0.014239837 -0.038886033 0.002851550 0.999976516 0.006231420 -0.154458866 0.014222290 -0.006271369 0.999879122 10.006166458
0.999846101 -0.002455471 -0.017369792 -0.039741933 0.002567283 0.999976039 0.006417783 -0.155083194 0.017353617 -0.006461388 0.999828517 10.050439835
0.999776065 -0.002195926 -0.021048164 -0.040064380 0.002338208 0.999974549 0.006737603 -0.155563936 0.021032833 -0.006785308 0.999755740 10.093156815
0.999715269 -0.001643326 -0.023805140 -0.041256011 0.001803789 0.999975741 0.006720784 -0.156550124 0.023793517 -0.006761808 0.999693990 10.135913849
0.999642491 -0.001720746 -0.026680272 -0.042867169 0.001886341 0.999979138 0.006182698 -0.157051355 0.026669074 -0.006230816 0.999624848 10.176581383
0.999562383 -0.001958422 -0.029516587 -0.044765085 0.002111905 0.999984443 0.005169610 -0.157550320 0.029506002 -0.005229684 0.999550879 10.216402054
0.999436080 -0.000888970 -0.033570301 -0.045486748 0.001073621 0.999984503 0.005482794 -0.158729672 0.033564907 -0.005515743 0.999421299 10.254624367
0.999330223 -0.000002299 -0.036596213 -0.046968192 0.000168653 0.999989748 0.004542577 -0.158988625 0.036595821 -0.004545706 0.999319792 10.293269157
0.999236822 0.000796789 -0.039055854 -0.048635781 -0.000615389 0.999988973 0.004656433 -0.160145119 0.039059144 -0.004628845 0.999226153 10.329890251
0.999190807 0.001580806 -0.040189523 -0.050177157 -0.001362234 0.999984145 0.005465345 -0.160808399 0.040197518 -0.005406174 0.999177158 10.366236687
0.999177456 0.001378882 -0.040526897 -0.051541090 -0.001098155 0.999975264 0.006948383 -0.161814988 0.040535480 -0.006898162 0.999154270 10.401563644
0.999228418 0.001619892 -0.039242707 -0.053452909 -0.001348463 0.999975085 0.006942151 -0.162092179 0.039252974 -0.006883878 0.999205589 10.436167717
0.999216259 0.000983542 -0.039573647 -0.054357350 -0.000753583 0.999982715 0.005825415 -0.162319228 0.039578699 -0.005791028 0.999199629 10.470769882
0.999249399 0.001868264 -0.038691103 -0.056308299 -0.001690962 0.999987900 0.004614718 -0.163193345 0.038699262 -0.004545829 0.999240577 10.503664970
0.999279737 0.001252409 -0.037923522 -0.057262868 -0.001162571 0.999996483 0.002390860 -0.163863152 0.037926387 -0.002345050 0.999277771 10.537345886
0.999329746 0.002133970 -0.036540844 -0.058943093 -0.002094456 0.999997199 0.001119619 -0.164302856 0.036543131 -0.001042335 0.999331534 10.570446968
0.999379992 0.002693302 -0.035103280 -0.060004413 -0.002671032 0.999996185 0.000681322 -0.164845303 0.035104975 -0.000587137 0.999383450 10.603779793
0.999440849 0.001791053 -0.033389628 -0.061214685 -0.001772484 0.999998212 0.000585699 -0.165632367 0.033390619 -0.000526189 0.999442279 10.636323929
0.999498248 0.002049452 -0.031607784 -0.062713504 -0.002036635 0.999997795 0.000437708 -0.166137367 0.031608611 -0.000373115 0.999500275 10.668695450
0.999557972 0.002479630 -0.029626196 -0.064059854 -0.002466009 0.999996841 0.000496280 -0.166975915 0.029627338 -0.000423002 0.999560952 10.701423645
0.999615192 0.001490308 -0.027698759 -0.064661995 -0.001490170 0.999998868 0.000025608 -0.167468429 0.027698768 0.000015678 0.999616265 10.734054565
0.999691367 0.001160629 -0.024816871 -0.065690607 -0.001142965 0.999999106 0.000725963 -0.168278724 0.024817690 -0.000697375 0.999691665 10.766086578
0.999760211 0.000610758 -0.021887129 -0.066259041 -0.000578474 0.999998868 0.001481309 -0.168831900 0.021888003 -0.001468293 0.999759316 10.798253059
0.999825239 -0.000459552 -0.018688016 -0.067144111 0.000486951 0.999998808 0.001461564 -0.169282511 0.018687319 -0.001470408 0.999824286 10.829983711
0.999873936 -0.000496871 -0.015871901 -0.067585766 0.000526219 0.999998093 0.001844970 -0.170059219 0.015870955 -0.001853090 0.999872327 10.862007141
0.999915659 -0.000640327 -0.012975918 -0.068038404 0.000653825 0.999999225 0.001036025 -0.170325443 0.012975246 -0.001044421 0.999915242 10.893408775
0.999951899 -0.001254067 -0.009730049 -0.068532452 0.001268332 0.999998152 0.001460038 -0.171185330 0.009728201 -0.001472308 0.999951541 10.925138474
0.999974012 -0.000486721 -0.007184491 -0.068712518 0.000491764 0.999999642 0.000700226 -0.171759486 0.007184148 -0.000703741 0.999973893 10.956322670
0.999991417 0.000075139 -0.004147647 -0.069016382 -0.000076871 0.999999881 -0.000417431 -0.171940029 0.004147616 0.000417746 0.999991298 10.987834930
0.999998987 0.000354931 -0.001436631 -0.069176681 -0.000354330 0.999999881 0.000418503 -0.172429413 0.001436780 -0.000417993 0.999998927 11.020080566
0.999999046 0.000284376 0.001333175 -0.069286704 -0.000285983 0.999999166 0.001205459 -0.173079908 -0.001332831 -0.001205839 0.999998391 11.051968575
0.999992788 -0.000047361 0.003809259 -0.069481820 0.000043169 0.999999404 0.001100457 -0.173509002 -0.003809308 -0.001100285 0.999992132 11.083922386
0.999984026 -0.000139710 0.005641235 -0.069172665 0.000140605 1.000000000 -0.000158275 -0.174338505 -0.005641213 0.000159066 0.999984026 11.116801262
0.999971449 0.000946247 0.007491580 -0.069178849 -0.000922203 0.999994457 -0.003212193 -0.174551204 -0.007494577 0.003205193 0.999966741 11.149313927
0.999966860 -0.001481536 0.008004203 -0.068747379 0.001515541 0.999989808 -0.004244006 -0.175421163 -0.007997836 0.004255996 0.999958932 11.182533264
0.999969542 -0.001403068 0.007677715 -0.068668552 0.001434821 0.999990404 -0.004131753 -0.176070407 -0.007671846 0.004142642 0.999961972 11.215662956
0.999961555 -0.002795804 0.008314122 -0.068405285 0.002836590 0.999983907 -0.004897837 -0.176843047 -0.008300295 0.004921231 0.999953449 11.249794960
0.999966919 0.000741022 0.008107538 -0.068271555 -0.000695260 0.999983788 -0.005645716 -0.177392036 -0.008111590 0.005639893 0.999951184 11.284203529
0.999964356 -0.000817510 0.008399907 -0.067924231 0.000866218 0.999982834 -0.005796611 -0.178055719 -0.008395025 0.005803681 0.999947906 11.318107605
0.999961376 -0.001774058 0.008610549 -0.067875028 0.001841896 0.999967277 -0.007877000 -0.178763315 -0.008596293 0.007892555 0.999931872 11.351316452
0.999944687 -0.005650726 0.008867066 -0.067208953 0.005738559 0.999934435 -0.009911601 -0.179643422 -0.008810476 0.009961939 0.999911487 11.387390137
0.999925971 -0.008336998 0.008865328 -0.066463292 0.008439589 0.999897122 -0.011598561 -0.179885700 -0.008767718 0.011672523 0.999893427 11.423712730
0.999930620 -0.006425349 0.009872513 -0.067097366 0.006500558 0.999949932 -0.007605026 -0.180745482 -0.009823153 0.007668677 0.999922276 11.458388329
0.999938488 -0.003142961 0.010633272 -0.066987947 0.003149730 0.999994874 -0.000619941 -0.181279123 -0.010631270 0.000653395 0.999943256 11.492870331
0.999933302 -0.004377000 0.010680039 -0.065849237 0.004339050 0.999984205 0.003574017 -0.182627439 -0.010695515 -0.003527438 0.999936521 11.528594971
0.999898493 -0.005409888 0.013186925 -0.065303877 0.005393551 0.999984622 0.001274135 -0.182843894 -0.013193617 -0.001202881 0.999912262 11.566741943
0.999845743 -0.004726252 0.016916199 -0.065190613 0.004800229 0.999979079 -0.004335132 -0.183703452 -0.016895358 0.004415666 0.999847531 11.602325439
0.999768615 -0.001817602 0.021432675 -0.064958781 0.002013551 0.999956369 -0.009124493 -0.183587372 -0.021415155 0.009165540 0.999728680 11.639191628
0.999698043 0.000174542 0.024571305 -0.064387977 0.000048268 0.999958873 -0.009067021 -0.184239045 -0.024571881 0.009065470 0.999657035 11.677158356
0.999613166 -0.002006269 0.027738778 -0.063179702 0.002174684 0.999979496 -0.006042622 -0.185530454 -0.027726082 0.006100608 0.999597013 11.715206146
0.999509931 -0.004948682 0.030910598 -0.062216848 0.005055314 0.999981463 -0.003372516 -0.186044887 -0.030893337 0.003527126 0.999516428 11.752113342
0.999409616 -0.007770865 0.033467591 -0.060771108 0.007813667 0.999968827 -0.001148275 -0.187095225 -0.033457626 0.001409102 0.999439180 11.790607452
0.999274373 -0.006225647 0.037577141 -0.060909778 0.006267195 0.999979854 -0.000987988 -0.187603012 -0.037570238 0.001222774 0.999293268 11.829933167
0.999197483 -0.004831508 0.039764788 -0.058698386 0.004960398 0.999982774 -0.003143261 -0.188380733 -0.039748922 0.003337987 0.999204040 11.866683006
0.999138296 -0.002572345 0.041423690 -0.056965679 0.002846125 0.999974549 -0.006551628 -0.188086852 -0.041405775 0.006663879 0.999120116 11.905613899
0.998974442 -0.004219691 0.045079596 -0.056794584 0.004450748 0.999977469 -0.005026396 -0.190142348 -0.045057371 0.005221880 0.998970747 11.945097923
0.998880267 -0.002936109 0.047218435 -0.053999782 0.003094140 0.999989808 -0.003274067 -0.190813988 -0.047208328 0.003416500 0.998879194 11.982272148
0.998751879 -0.000587472 0.049942132 -0.052124202 0.000702721 0.999997079 -0.002290134 -0.190780446 -0.049940635 0.002322371 0.998749495 12.021669388
0.998614371 -0.001290239 0.052608978 -0.050215185 0.001370196 0.999997973 -0.001483802 -0.192301854 -0.052606955 0.001553831 0.998614073 12.061060905
0.998405099 0.000498656 0.056453012 -0.049118876 -0.000333132 0.999995589 -0.002941437 -0.192130148 -0.056454238 0.002917940 0.998400867 12.097058296
0.998313427 -0.000612770 0.058050055 -0.045648634 0.000836925 0.999992311 -0.003837173 -0.192405760 -0.058047250 0.003879285 0.998306334 12.137509346
0.998134017 -0.004211159 0.060915500 -0.045266628 0.004396495 0.999986053 -0.002908799 -0.193330958 -0.060902398 0.003171187 0.998138666 12.175110817
0.998089552 -0.005241024 0.061560988 -0.042060554 0.005425903 0.999981225 -0.002836371 -0.194357961 -0.061544973 0.003164975 0.998099208 12.213714600
0.998080075 -0.004767211 0.061752636 -0.039777398 0.005011142 0.999980211 -0.003795850 -0.194447279 -0.061733313 0.004098014 0.998084247 12.252718925
0.998012900 -0.005673144 0.062753648 -0.037851155 0.005872070 0.999978244 -0.002985993 -0.195687696 -0.062735349 0.003348553 0.998024583 12.291222572
0.998062849 -0.005324859 0.061985053 -0.035260737 0.005459346 0.999983132 -0.002000502 -0.196636885 -0.061973367 0.002335024 0.998075068 12.330970764
0.998088121 -0.004917627 0.061609674 -0.033005714 0.005059510 0.999984920 -0.002147114 -0.196968347 -0.061598182 0.002454723 0.998098135 12.369536400
0.998150766 -0.004730490 0.060602188 -0.031302094 0.004914999 0.999983788 -0.002895882 -0.197798371 -0.060587499 0.003188387 0.998157859 12.408795357
0.998257637 -0.004928465 0.058799826 -0.028804481 0.005162709 0.999979317 -0.003832493 -0.198563471 -0.058779724 0.004129382 0.998262465 12.447463036
0.998380125 -0.003801357 0.056769289 -0.026845038 0.004104800 0.999977887 -0.005229531 -0.198974133 -0.056748156 0.005454086 0.998373568 12.487134933
0.998455107 -0.001945884 0.055530105 -0.024846077 0.002258690 0.999981880 -0.005570881 -0.199697897 -0.055518255 0.005687700 0.998441458 12.525233269
0.998561323 -0.001376863 0.053603847 -0.022810280 0.001689377 0.999981821 -0.005785209 -0.200740084 -0.053594910 0.005867443 0.998545527 12.564808846
0.998638034 -0.000294015 0.052172229 -0.021869004 0.000559028 0.999986947 -0.005065050 -0.201714113 -0.052170064 0.005087317 0.998625278 12.601918221
0.998810828 -0.000608813 0.048751228 -0.019511044 0.000774071 0.999993980 -0.003371016 -0.202764735 -0.048748892 0.003404743 0.998805285 12.641718864
0.999020815 -0.002225723 0.044186160 -0.017370462 0.002262805 0.999997139 -0.000789214 -0.203772664 -0.044184271 0.000888426 0.999023080 12.681280136
0.999186933 -0.003146388 0.040193085 -0.017169535 0.003137576 0.999995053 0.000282312 -0.204064593 -0.040193778 -0.000155973 0.999191880 12.717225075
0.999397755 -0.003014975 0.034567408 -0.015293896 0.002975553 0.999994934 0.001191829 -0.204569981 -0.034570824 -0.001088254 0.999401569 12.755569458
0.999525785 -0.003918092 0.030545384 -0.015328467 0.003855495 0.999990344 0.002107897 -0.205283806 -0.030553352 -0.001989130 0.999531150 12.792324066
0.999645412 -0.004513157 0.026240196 -0.014760494 0.004437010 0.999985754 0.002959450 -0.206087798 -0.026253177 -0.002841973 0.999651313 12.828152657
0.999749899 -0.004887584 0.021821894 -0.014464796 0.004830920 0.999984801 0.002648595 -0.206374407 -0.021834508 -0.002542512 0.999758422 12.865230560
0.999829829 -0.006011173 0.017440006 -0.013859034 0.005963350 0.999978364 0.002792826 -0.207415849 -0.017456416 -0.002688350 0.999844015 12.900702477
0.999889433 -0.005459225 0.013827802 -0.013810873 0.005428503 0.999982715 0.002258267 -0.207705662 -0.013839891 -0.002182953 0.999901831 12.933498383
0.999939799 -0.004930884 0.009798033 -0.013344795 0.004911243 0.999985874 0.002027526 -0.208162963 -0.009807891 -0.001979284 0.999949992 12.967306137
0.999963224 -0.005847884 0.006271216 -0.013704024 0.005834095 0.999980509 0.002214598 -0.209000900 -0.006284046 -0.002177930 0.999977887 12.999776840
0.999975085 -0.006712636 0.002174278 -0.014465149 0.006709209 0.999976277 0.001579524 -0.209817365 -0.002184830 -0.001564897 0.999996364 13.031595230
0.999981225 -0.005521912 -0.002656111 -0.014831504 0.005521687 0.999984860 -0.000091119 -0.210367724 0.002656574 0.000076451 0.999996483 13.063407898
