1.000000000 0.000000000 0.000000000 0.000000000 0.000000000 1.000000000 0.000000000 0.000000000 0.000000000 0.000000000 1.000000000 0.000000000
0.999997377 0.001017181 0.002050665 -0.009106866 -0.001014953 0.999998868 -0.001087286 -0.016752018 -0.002051769 0.001085202 0.999997318 1.206283569
0.999994695 0.000899081 0.003137066 -0.007127774 -0.000897722 0.999999464 -0.000434776 -0.040952723 -0.003137456 0.000431958 0.999994993 2.406552792
0.999990463 0.000382573 0.004348980 -0.008271147 -0.000381687 0.999999881 -0.000204489 -0.058926236 -0.004349058 0.000202827 0.999990523 3.603738785
0.999985397 0.000324092 0.005378406 -0.007340726 -0.000322294 0.999999821 -0.000335293 -0.078430295 -0.005378514 0.000333555 0.999985456 4.803050995
0.999982238 -0.000034745 0.005958759 -0.000347756 0.000034177 0.999999940 0.000095426 -0.102944210 -0.005958762 -0.000095221 0.999982238 5.998256683
0.999978542 0.000212144 0.006544585 0.005417969 -0.000206845 0.999999642 -0.000810345 -0.124803990 -0.006544755 0.000808974 0.999978244 7.197899818
0.999972224 0.000135878 0.007451179 0.007158428 -0.000127920 0.999999404 -0.001068539 -0.148082241 -0.007451321 0.001067556 0.999971628 8.380894661
0.999970973 -0.000163952 0.007618208 0.011576749 0.000161428 0.999999881 0.000331864 -0.168641448 -0.007618262 -0.000330625 0.999970913 9.577918053
0.999980271 -0.000646954 0.006252102 0.013049696 0.000637500 0.999998689 0.001514043 -0.192536488 -0.006253073 -0.001510028 0.999979317 10.773141861
0.999989510 -0.002412471 0.003892107 0.012697656 0.002408530 0.999996543 0.001017065 -0.213893205 -0.003894547 -0.001007680 0.999991834 11.966148376
0.999995410 -0.002016933 0.002233925 0.002305971 0.002015764 0.999997854 0.000525338 -0.230699882 -0.002234980 -0.000520833 0.999997377 13.164951324
0.999997556 -0.002116750 0.000658365 0.003992714 0.002116486 0.999997675 0.000401786 -0.253857285 -0.000659214 -0.000400391 0.999999702 14.359894753
0.999999702 -0.000689540 -0.000386741 0.003850203 0.000689683 0.999999702 0.000370000 -0.275256902 0.000386486 -0.000370267 0.999999881 15.549394608
0.999999285 -0.000795705 -0.000950500 -0.002187854 0.000796129 0.999999642 0.000445015 -0.294290006 0.000950146 -0.000445771 0.999999523 16.750291824
0.999997020 -0.001802530 -0.001685925 -0.004321944 0.001803846 0.999997973 0.000779096 -0.312310368 0.001684518 -0.000782134 0.999998331 17.927732468
0.999996305 -0.001697785 -0.002120914 -0.010884734 0.001700378 0.999997795 0.001221276 -0.337381750 0.002118836 -0.001224878 0.999997020 19.131462097
0.999993622 -0.001495659 -0.003235304 -0.017463502 0.001496935 0.999998808 0.000392065 -0.359500349 0.003234713 -0.000396905 0.999994695 20.326835632
0.999992967 -0.002259700 -0.003032378 -0.037593883 0.002257973 0.999997258 -0.000572686 -0.381798148 0.003033665 0.000565835 0.999995232 21.540750504
0.999993026 -0.000774196 -0.003655800 -0.048717335 0.000773677 0.999999642 -0.000143483 -0.399015963 0.003655910 0.000140654 0.999993265 22.737485886
0.999988258 -0.001586427 -0.004575509 -0.059854731 0.001585208 0.999998689 -0.000270018 -0.423123211 0.004575931 0.000262762 0.999989510 23.933155060
0.999983251 -0.001432517 -0.005604183 -0.071797505 0.001427920 0.999998629 -0.000824234 -0.445379972 0.005605357 0.000816218 0.999983966 25.125818253
0.999977350 -0.001320998 -0.006590725 -0.079394549 0.001322531 0.999999106 0.000228191 -0.474856079 0.006590417 -0.000236902 0.999978185 26.332817078
0.999968827 -0.002981062 -0.007298911 -0.093684152 0.002995908 0.999993443 0.002024018 -0.495146722 0.007292830 -0.002045822 0.999971271 27.537012100
0.999962687 -0.002709345 -0.008195856 -0.107624888 0.002722604 0.999995053 0.001606960 -0.510814846 0.008191461 -0.001629215 0.999965072 28.735921860
0.999951899 -0.003711872 -0.009077362 -0.119468004 0.003722343 0.999992549 0.001137026 -0.535497725 0.009073075 -0.001170760 0.999958158 29.925767899
0.999939740 -0.004187871 -0.010149325 -0.131518558 0.004190192 0.999991298 0.000207469 -0.556234419 0.010148368 -0.000249984 0.999948442 31.122850418
0.999936163 -0.003413937 -0.010768461 -0.152480021 0.003418665 0.999994040 0.000420719 -0.578350902 0.010766961 -0.000457506 0.999941945 32.326995850
0.999926567 -0.003727457 -0.011526680 -0.166213080 0.003737216 0.999992669 0.000825162 -0.597438335 0.011523517 -0.000868179 0.999933243 33.528594971
0.999918759 -0.004214887 -0.012027493 -0.186446652 0.004227806 0.999990463 0.001048972 -0.619788349 0.012022957 -0.001099737 0.999927104 34.713737488
0.999906719 -0.005163419 -0.012641492 -0.206696317 0.005178928 0.999985874 0.001194272 -0.642742634 0.012635146 -0.001259630 0.999919355 35.933589935
0.999902010 -0.004963968 -0.013092037 -0.226831079 0.004976890 0.999987245 0.000954502 -0.659917772 0.013087130 -0.001019566 0.999913812 37.136337280
0.999894857 -0.005986942 -0.013206909 -0.247758299 0.006011558 0.999980271 0.001824915 -0.685781538 0.013195721 -0.001904117 0.999911129 38.322750092
0.999897122 -0.005642320 -0.013186396 -0.260317415 0.005682675 0.999979258 0.003024857 -0.700162470 0.013169055 -0.003099479 0.999908507 39.526985168
0.999889791 -0.005075850 -0.013953139 -0.270660669 0.005130772 0.999979198 0.003903206 -0.722971737 0.013933038 -0.003974365 0.999895036 40.710403442
0.999898314 -0.004291827 -0.013596246 -0.295767039 0.004335738 0.999985397 0.003201827 -0.731468678 0.013582308 -0.003260451 0.999902427 41.918937683
0.999901175 -0.003466276 -0.013626604 -0.315102547 0.003508769 0.999988973 0.003095709 -0.746422291 0.013615725 -0.003143216 0.999902368 43.109542847
0.999914825 -0.001098037 -0.013002372 -0.337211132 0.001163413 0.999986649 0.005021449 -0.760893762 0.012996687 -0.005036149 0.999902844 44.330558777
0.999936163 -0.000958027 -0.011260143 -0.360040843 0.001050301 0.999965906 0.008191614 -0.779577613 0.011251910 -0.008202919 0.999902964 45.529399872
0.999952495 -0.000658666 -0.009724464 -0.379667163 0.000763495 0.999941528 0.010780147 -0.787312210 0.009716795 -0.010787060 0.999894559 46.724849701
0.999964654 0.000095053 -0.008409234 -0.386033565 0.000023786 0.999900162 0.014130785 -0.792268276 0.008409738 -0.014130486 0.999864757 47.925857544
0.999979019 -0.000528427 -0.006454017 -0.411633909 0.000629125 0.999877870 0.015610317 -0.803060174 0.006444980 -0.015614049 0.999857306 49.141895294
0.999983490 -0.002609616 -0.005123142 -0.418682963 0.002681434 0.999897540 0.014061891 -0.804566979 0.005085921 -0.014075398 0.999888003 50.353366852
0.999991536 -0.001391351 -0.003872531 -0.427724719 0.001439782 0.999920368 0.012531601 -0.810204268 0.003854787 -0.012537071 0.999913990 51.551170349
0.999994457 -0.001293215 -0.003061066 -0.438314795 0.001329766 0.999927461 0.011968849 -0.812199593 0.003045366 -0.011972854 0.999923706 52.760189056
0.999993980 -0.001677288 -0.003037525 -0.451238930 0.001712449 0.999931037 0.011610315 -0.820088983 0.003017842 -0.011615447 0.999927998 53.952594757
0.999989033 -0.002743168 -0.003776534 -0.453587532 0.002781984 0.999942899 0.010311557 -0.827973306 0.003748032 -0.010321952 0.999939680 55.187450409
0.999981642 -0.002506901 -0.005512443 -0.465208113 0.002566760 0.999937475 0.010878836 -0.834051013 0.005484827 -0.010892786 0.999925613 56.401618958
0.999971688 -0.002823486 -0.006979118 -0.477941662 0.002906249 0.999925256 0.011877070 -0.841902614 0.006945062 -0.011897016 0.999905109 57.601253510
0.999962091 -0.003325988 -0.008053959 -0.489443839 0.003424930 0.999918461 0.012302371 -0.849725664 0.008012386 -0.012329486 0.999891877 58.808925629
0.999957860 -0.001856990 -0.008980746 -0.505414844 0.001968722 0.999920607 0.012448451 -0.861618519 0.008956915 -0.012465608 0.999882102 60.011005402
0.999953389 -0.001467741 -0.009537484 -0.523282766 0.001581497 0.999927580 0.011930769 -0.863492370 0.009519281 -0.011945298 0.999883294 61.217891693
0.999950528 -0.002704108 -0.009574531 -0.540240347 0.002815013 0.999928832 0.011588780 -0.871843278 0.009542512 -0.011615159 0.999886990 62.419063568
0.999945045 -0.003757698 -0.009784479 -0.556525171 0.003864704 0.999932706 0.010940420 -0.882442892 0.009742707 -0.010977632 0.999892235 63.629207611
0.999937415 -0.004172256 -0.010382874 -0.568154812 0.004299258 0.999915838 0.012239814 -0.893875659 0.010330931 -0.012283684 0.999871194 64.828643799
0.999935031 -0.004461199 -0.010489727 -0.589556217 0.004603468 0.999897182 0.013577886 -0.897372723 0.010428075 -0.013625294 0.999852836 66.017776489
0.999936342 -0.003660847 -0.010667169 -0.609676123 0.003789767 0.999919713 0.012090651 -0.907057285 0.010622049 -0.012130306 0.999870002 67.234169006
0.999946296 -0.001754592 -0.010213446 -0.636672676 0.001865703 0.999939084 0.010879572 -0.913552523 0.010193734 -0.010898042 0.999888659 68.433570862
0.999943733 0.000085323 -0.010600113 -0.651160121 0.000035456 0.999935091 0.011393387 -0.924202919 0.010600396 -0.011393122 0.999878883 69.628845215
0.999945402 0.002412244 -0.010165676 -0.674339652 -0.002295596 0.999931514 0.011470762 -0.928576350 0.010192651 -0.011446800 0.999882460 70.817420959
0.999943972 0.003427446 -0.010017395 -0.696960092 -0.003307584 0.999922991 0.011957607 -0.936874986 0.010057610 -0.011923804 0.999878287 72.020736694
0.999950886 0.004035888 -0.009057021 -0.713992059 -0.003920533 0.999911487 0.012718379 -0.941569626 0.009107549 -0.012682247 0.999878109 73.214416504
0.999954820 0.005990834 -0.007385479 -0.728816390 -0.005893459 0.999896288 0.013136626 -0.944367766 0.007463412 -0.013092506 0.999886453 74.411743164
0.999978662 0.004635755 -0.004599330 -0.735683560 -0.004582179 0.999922335 0.011591670 -0.959514558 0.004652709 -0.011570347 0.999922156 75.594474792
0.999995828 0.001871444 -0.002198727 -0.741479993 -0.001857102 0.999977171 0.006506862 -0.967764258 0.002210854 -0.006502751 0.999976337 76.769844055
0.999994874 0.003158923 0.000560646 -0.746455848 -0.003162215 0.999977171 0.005971593 -0.978273630 -0.000541769 -0.005973335 0.999981940 77.953819275
0.999993622 0.002052190 0.002942958 -0.743946254 -0.002080539 0.999951243 0.009662071 -0.992337883 -0.002922986 -0.009668130 0.999948978 79.137496948
0.999978304 0.002443265 0.006107112 -0.740272284 -0.002508765 0.999939144 0.010740631 -0.999949157 -0.006080498 -0.010755718 0.999923646 80.313209534
0.999943972 0.002639444 0.010254053 -0.735800624 -0.002731027 0.999956369 0.008927641 -1.008723021 -0.010230043 -0.008955143 0.999907553 81.480567932
0.999902070 0.001435478 0.013920424 -0.725272298 -0.001517890 0.999981403 0.005911502 -1.020832539 -0.013911678 -0.005932054 0.999885559 82.649436951
0.999848723 0.000119755 0.017390439 -0.709149957 -0.000163070 0.999996901 0.002489310 -1.035219193 -0.017390085 -0.002491769 0.999845684 83.811462402
0.999781251 -0.000293042 0.020912459 -0.689023137 0.000259290 0.999998629 0.001616655 -1.052228332 -0.020912906 -0.001610879 0.999780059 84.968238831
0.999704599 -0.000708105 0.024295256 -0.664872408 0.000623074 0.999993682 0.003507309 -1.073325038 -0.024297586 -0.003491136 0.999698818 86.143630981
0.999599934 0.000553357 0.028277773 -0.646329641 -0.000675571 0.999990463 0.004312549 -1.096186996 -0.028275119 -0.004329928 0.999590814 87.308494568
0.999493897 0.000011513 0.031814728 -0.609101772 -0.000067593 0.999998450 0.001761632 -1.110285401 -0.031814665 -0.001762891 0.999492228 88.459533691
0.999390066 -0.000223304 0.034917992 -0.571207285 0.000234346 0.999999881 -0.000312135 -1.130843520 -0.034917921 0.000320127 0.999390066 89.607666016
0.999269009 0.000128734 0.038227819 -0.534450293 -0.000095183 0.999999583 -0.000879476 -1.145260453 -0.038227919 0.000875195 0.999268651 90.776222229
0.999154747 -0.000510134 0.041103523 -0.491459608 0.000503211 0.999999821 0.000178769 -1.161686897 -0.041103601 -0.000157934 0.999154866 91.933753967
0.999022841 -0.001963739 0.044153605 -0.455350399 0.001884595 0.999996543 0.001834024 -1.184167743 -0.044157047 -0.001749021 0.999023080 93.074981689
0.998899579 -0.002804688 0.046816722 -0.401262760 0.002644413 0.999990404 0.003485057 -1.198934317 -0.046826050 -0.003357419 0.998897433 94.237564087
0.998786569 -0.004360060 0.049055405 -0.341298103 0.004146337 0.999981463 0.004457700 -1.214003682 -0.049073927 -0.004248891 0.998786151 95.400756836
0.998669982 -0.005332016 0.051280964 -0.289124489 0.005220318 0.999983668 0.002311873 -1.233804822 -0.051292453 -0.002041095 0.998681724 96.539604187
0.998553038 -0.006807880 0.053342994 -0.224295616 0.006886916 0.999975562 -0.001297991 -1.250879049 -0.053332843 0.001663481 0.998575330 97.697662354
0.998443544 -0.006028698 0.055444676 -0.168950081 0.006257053 0.999972701 -0.003945938 -1.271615267 -0.055419367 0.004286716 0.998453856 98.857604980
0.998359501 -0.005957490 0.056946028 -0.102667332 0.006249180 0.999968350 -0.004945520 -1.291703224 -0.056914754 0.005293273 0.998364985 100.021247864
0.998347580 -0.005786302 0.057171680 -0.035562038 0.006046534 0.999972165 -0.004379851 -1.311979771 -0.057144739 0.004718304 0.998354673 101.203529358
0.998386800 -0.005984571 0.056462448 0.020086288 0.006132622 0.999978185 -0.002449199 -1.341842413 -0.056446560 0.002791511 0.998401701 102.371498108
0.998450100 -0.006082020 0.055320133 0.077162266 0.006144919 0.999980628 -0.000966983 -1.360063791 -0.055313174 0.001305421 0.998468220 103.572052002
0.998555660 -0.005735572 0.053419624 0.128859043 0.005755523 0.999983430 -0.000219641 -1.377584338 -0.053417481 0.000526781 0.998572052 104.758102417
0.998705626 -0.005865520 0.050521873 0.190001488 0.005868616 0.999982774 0.000087065 -1.394061208 -0.050521515 0.000209541 0.998722911 105.965629578
0.998838603 -0.005145459 0.047905616 0.236980915 0.005146868 0.999986768 0.000093971 -1.412529707 -0.047905475 0.000152702 0.998851836 107.152694702
0.999025941 -0.003621625 0.043978829 0.281881809 0.003653358 0.999993145 -0.000641202 -1.425084591 -0.043976203 0.000801248 0.999032259 108.354522705
0.999186754 -0.003499923 0.040169999 0.322213173 0.003498681 0.999993861 0.000101218 -1.447792053 -0.040170111 0.000039407 0.999192774 109.559738159
0.999345541 -0.003584367 0.035994850 0.367888927 0.003543054 0.999992907 0.001211454 -1.468768716 -0.035998937 -0.001083130 0.999351203 110.788848877
0.999496460 -0.002663556 0.031615961 0.398306370 0.002600919 0.999994516 0.002022138 -1.487298131 -0.031621169 -0.001938890 0.999498010 111.989830017
0.999629676 -0.002732000 0.027075524 0.425532818 0.002667452 0.999993503 0.002419837 -1.501832247 -0.027081961 -0.002346718 0.999630392 113.208641052
0.999750555 -0.001737360 0.022268435 0.446568727 0.001679863 0.999995172 0.002600423 -1.516001821 -0.022272848 -0.002562366 0.999748647 114.428962708
0.999854445 -0.001630849 0.016984800 0.460766435 0.001587195 0.999995410 0.002583349 -1.538582921 -0.016988931 -0.002556015 0.999852419 115.662757874
0.999927759 -0.001176793 0.011961883 0.469452798 0.001148445 0.999996543 0.002376474 -1.553742528 -0.011964638 -0.002362565 0.999925554 116.886741638
0.999972105 0.000052730 0.007462945 0.470118493 -0.000064508 0.999998748 0.001577995 -1.573089719 -0.007462852 -0.001578433 0.999970853 118.096969604
0.999990106 0.001902455 0.004016519 0.468815804 -0.001908402 0.999997079 0.001477414 -1.588857293 -0.004013697 -0.001485065 0.999990761 119.334678650
0.999992490 0.003415761 0.001842183 0.464118183 -0.003419531 0.999992013 0.002047033 -1.611041427 -0.001835176 -0.002053317 0.999996185 120.567565918
0.999986172 0.005152663 0.001055403 0.450354159 -0.005154087 0.999985814 0.001349690 -1.629388809 -0.001048434 -0.001355111 0.999998510 121.796333313
0.999973893 0.007224627 -0.000145609 0.444605798 -0.007224373 0.999972522 0.001676357 -1.646681547 0.000157716 -0.001675261 0.999998569 123.036216736
0.999963343 0.008471787 -0.001202921 0.432175905 -0.008468892 0.999961197 0.002391593 -1.661507845 0.001223136 -0.002381318 0.999996364 124.269081116
0.999965727 0.008142220 -0.001473147 0.417021930 -0.008138031 0.999962866 0.002829134 -1.676424503 0.001496128 -0.002817048 0.999994934 125.515853882
0.999924541 0.011996073 -0.002621823 0.405060291 -0.011983219 0.999916375 0.004864520 -1.693903804 0.002679959 -0.004832736 0.999984741 126.760902405
0.999911547 0.012925228 -0.003132396 0.390215337 -0.012899799 0.999884784 0.008006396 -1.704213977 0.003235519 -0.007965280 0.999963045 128.014877319
0.999921203 0.011863576 -0.004104917 0.388610542 -0.011831823 0.999900460 0.007675426 -1.718851566 0.004195566 -0.007626253 0.999962091 129.271636963
0.999920070 0.011742951 -0.004689283 0.375161111 -0.011714398 0.999912858 0.006070905 -1.725461483 0.004760164 -0.006015487 0.999970555 130.523284912
0.999943256 0.009012275 -0.005672766 0.370148420 -0.008970224 0.999932349 0.007395079 -1.741034746 0.005739029 -0.007343774 0.999956489 131.782028198
0.999959946 0.006403592 -0.006254250 0.352644920 -0.006348443 0.999941289 0.008798292 -1.745114326 0.006310222 -0.008758234 0.999941647 133.057510376
0.999974072 0.003079108 -0.006525905 0.339650273 -0.003008274 0.999936759 0.010836576 -1.757110715 0.006558860 -0.010816660 0.999919951 134.329711914
0.999972284 0.000932164 -0.007381049 0.332984328 -0.000846820 0.999932945 0.011557279 -1.761714220 0.007391327 -0.011550706 0.999905884 135.609466553
0.999971449 -0.003366968 -0.006763430 0.324802756 0.003434415 0.999944270 0.009985584 -1.770765662 0.006729433 -0.010008526 0.999927282 136.855743408
0.999961853 -0.005735312 -0.006593951 0.311474323 0.005793736 0.999943852 0.008875639 -1.777182460 0.006542678 -0.008913504 0.999938846 138.128448486
0.999955297 -0.006739365 -0.006628105 0.306737661 0.006796792 0.999939144 0.008680057 -1.785017133 0.006569205 -0.008724720 0.999940336 139.398422241
0.999956548 -0.006945879 -0.006212041 0.292842507 0.007000716 0.999936283 0.008849871 -1.791657448 0.006150175 -0.008892976 0.999941587 140.673583984
0.999958813 -0.006835475 -0.005962649 0.290062726 0.006901718 0.999913871 0.011160837 -1.803441644 0.005885846 -0.011201530 0.999919951 141.949142456
0.999975681 -0.004553815 -0.005275502 0.272493660 0.004620554 0.999908566 0.012708680 -1.810994267 0.005217146 -0.012732748 0.999905348 143.227920532
0.999978423 -0.004743028 -0.004546335 0.261636615 0.004792571 0.999928594 0.010948976 -1.819622517 0.004494079 -0.010970528 0.999929726 144.512756348
0.999982893 -0.004231115 -0.004038297 0.246276736 0.004268209 0.999948442 0.009221402 -1.828919888 0.003999072 -0.009238480 0.999949276 145.784454346
0.999985397 -0.004009646 -0.003621147 0.234986484 0.004033793 0.999969542 0.006685838 -1.841503859 0.003594229 -0.006700347 0.999971092 147.068145752
0.999979019 -0.005626225 -0.003209592 0.225677550 0.005634487 0.999980807 0.002570929 -1.858142972 0.003195066 -0.002588960 0.999991536 148.351486206
0.999982238 -0.005514361 -0.002253963 0.208326221 0.005511340 0.999983847 -0.001344607 -1.873075128 0.002261341 0.001332161 0.999996483 149.629882812
0.999979794 -0.005873164 -0.002397612 0.204739213 0.005868072 0.999980450 -0.002125358 -1.897711992 0.002410047 0.002111246 0.999994874 150.897506714
0.999982893 -0.005518468 -0.001933789 0.189307064 0.005515313 0.999983430 -0.001632929 -1.923736334 0.001942768 0.001622235 0.999996781 152.166549683
0.999982059 -0.005404939 -0.002584480 0.191176087 0.005402289 0.999984860 -0.001031712 -1.950753927 0.002590017 0.001017731 0.999996126 153.423797607
0.999979377 -0.005535435 -0.003259640 0.189067543 0.005535686 0.999984682 0.000068362 -1.974452496 0.003259212 -0.000086405 0.999994695 154.683700562
0.999986649 -0.004288811 -0.002876489 0.166020513 0.004290167 0.999990702 0.000465239 -1.994916081 0.002874467 -0.000477574 0.999995768 155.951934814
0.999987364 -0.003815186 -0.003257886 0.151281953 0.003816355 0.999992669 0.000352623 -2.018096209 0.003256517 -0.000365052 0.999994636 157.222610474
0.999983609 -0.003792305 -0.004284214 0.148243070 0.003793967 0.999992728 0.000379704 -2.039875269 0.004282744 -0.000395952 0.999990702 158.493225098
0.999977946 -0.004331648 -0.005029175 0.137330353 0.004339668 0.999989271 0.001584671 -2.061916828 0.005022257 -0.001606461 0.999986112 159.759765625
0.999980211 -0.003142399 -0.005447971 0.120797217 0.003153537 0.999992967 0.002036928 -2.082874298 0.005441532 -0.002054068 0.999983072 161.039688110
0.999975204 -0.003168376 -0.006292048 0.110098958 0.003174112 0.999994576 0.000901897 -2.101236343 0.006289156 -0.000921847 0.999979794 162.309768677
0.999975145 -0.002473820 -0.006593195 0.090139151 0.002471839 0.999996901 -0.000308590 -2.122223377 0.006593939 0.000292285 0.999978185 163.564132690
0.999970317 -0.001589781 -0.007533429 0.077893257 0.001586935 0.999998689 -0.000383778 -2.141905785 0.007534029 0.000371811 0.999971569 164.828994751
0.999965250 -0.001852764 -0.008124825 0.057597637 0.001843189 0.999997556 -0.001185875 -2.165333271 0.008127003 0.001170858 0.999966204 166.096542358
0.999954581 -0.001746220 -0.009369779 0.045390964 0.001724119 0.999995768 -0.002366327 -2.187623978 0.009373872 0.002350065 0.999953270 167.364624023
0.999953330 -0.001669626 -0.009507914 0.022908926 0.001650175 0.999996543 -0.002053286 -2.212617397 0.009511309 0.002037501 0.999952674 168.632217407
0.999943793 -0.001389823 -0.010506434 0.005671501 0.001384000 0.999998808 -0.000561494 -2.237916946 0.010507202 0.000546921 0.999944627 169.907760620
0.999939561 -0.001418314 -0.010901421 -0.013274431 0.001419082 0.999998987 0.000062743 -2.265113115 0.010901323 -0.000078209 0.999940515 171.171127319
0.999931991 -0.000987517 -0.011617200 -0.037564039 0.000993565 0.999999404 0.000514861 -2.287269115 0.011616684 -0.000526369 0.999932408 172.437973022
0.999923348 -0.000978563 -0.012338527 -0.056826830 0.000988049 0.999999166 0.000762727 -2.310328722 0.012337771 -0.000774860 0.999923527 173.720520020
0.999916732 -0.000096978 -0.012900150 -0.080999374 0.000095462 0.999999940 -0.000118166 -2.330899239 0.012900161 0.000116925 0.999916792 174.981231689
0.999912977 0.000789943 -0.013162969 -0.110832930 -0.000800839 0.999999344 -0.000822471 -2.349888563 0.013162309 0.000832941 0.999913037 176.249664307
0.999902487 0.000707277 -0.013941462 -0.136495113 -0.000716594 0.999999464 -0.000663324 -2.366690397 0.013940985 0.000673249 0.999902666 177.506546021
0.999904454 0.000602127 -0.013809226 -0.167000771 -0.000625649 0.999998331 -0.001699108 -2.394343138 0.013808181 0.001707585 0.999903142 178.762313843
0.999905169 -0.000370417 -0.013764662 -0.191789865 0.000325396 0.999994576 -0.003272880 -2.415947199 0.013765803 0.003268091 0.999899864 180.028762817
0.999902010 -0.003414738 -0.013571654 -0.218724489 0.003370426 0.999988914 -0.003286613 -2.441127539 0.013582727 0.003240549 0.999902427 181.290649414
0.999886751 -0.003162971 -0.014711861 -0.229839087 0.003173252 0.999994695 0.000675476 -2.467472315 0.014709649 -0.000722084 0.999891460 182.548400879
0.999878943 -0.003696120 -0.015114591 -0.250131369 0.003771732 0.999980450 0.004977116 -2.488069057 0.015095903 -0.005033521 0.999873340 183.815063477
0.999888539 -0.002757724 -0.014669826 -0.280764103 0.002821181 0.999986768 0.004306777 -2.503563404 0.014657755 -0.004347684 0.999883115 185.063903809
0.999899685 -0.001201314 -0.014110418 -0.312202930 0.001215813 0.999998808 0.001019040 -2.519469023 0.014109176 -0.001036094 0.999899864 186.312133789
0.999889076 -0.001318241 -0.014829817 -0.337267876 0.001307075 0.999998868 -0.000762640 -2.544502735 0.014830806 0.000743171 0.999889731 187.550979614
0.999889493 -0.000888206 -0.014835429 -0.365067005 0.000878621 0.999999344 -0.000652619 -2.564177036 0.014836001 0.000639512 0.999889672 188.799118042
0.999889195 -0.001764592 -0.014779693 -0.387847424 0.001775156 0.999998152 0.000701725 -2.590399504 0.014778426 -0.000727883 0.999890447 190.060317993
0.999890029 -0.001675329 -0.014730761 -0.411649227 0.001718699 0.999994278 0.002932027 -2.611495495 0.014725762 -0.002957022 0.999887168 191.305450439
0.999902785 -0.002138315 -0.013779846 -0.438016891 0.002189714 0.999990642 0.003716058 -2.632311821 0.013771772 -0.003745870 0.999898136 192.561569214
0.999920249 -0.002245218 -0.012425015 -0.459833384 0.002283099 0.999992788 0.003035441 -2.650321484 0.012418109 -0.003063567 0.999918222 193.802642822
0.999936342 -0.003146405 -0.010839533 -0.481463790 0.003160825 0.999994040 0.001313410 -2.669161797 0.010835337 -0.001347588 0.999940455 195.035720825
0.999945879 -0.003340621 -0.009854884 -0.491493464 0.003341074 0.999994397 0.000029411 -2.692016363 0.009854733 -0.000062336 0.999951363 196.273376465
0.999960482 -0.003737640 -0.008069131 -0.509612560 0.003734424 0.999992907 -0.000413475 -2.715882063 0.008070619 0.000383325 0.999967277 197.489410400
0.999969721 -0.003276424 -0.007062321 -0.523608446 0.003277784 0.999994636 0.000180735 -2.739167690 0.007061691 -0.000203878 0.999975026 198.725494385
0.999975026 -0.003715616 -0.006014643 -0.530086279 0.003727612 0.999991179 0.001984442 -2.761828661 0.006007216 -0.002006812 0.999979973 199.942886353
0.999985337 -0.002897510 -0.004573222 -0.550287843 0.002909131 0.999992549 0.002536438 -2.791023254 0.004565838 -0.002549704 0.999986351 201.166229248
0.999991059 -0.002740997 -0.003235332 -0.565353513 0.002748963 0.999993205 0.002460343 -2.806675434 0.003228566 -0.002469215 0.999991775 202.377151489
0.999992430 -0.002949124 -0.002533482 -0.565664649 0.002955802 0.999992073 0.002636329 -2.832602024 0.002525688 -0.002643798 0.999993324 203.573455811
0.999994278 -0.002945988 -0.001670344 -0.570684314 0.002950974 0.999991119 0.002990454 -2.853419542 0.001661519 -0.002995366 0.999994159 204.767807007
0.999996424 -0.002465808 -0.000995548 -0.577414513 0.002468964 0.999991894 0.003181669 -2.878592968 0.000987695 -0.003184116 0.999994457 205.951034546
0.999994695 -0.003182322 0.000600283 -0.598693848 0.003180544 0.999990642 0.002939944 -2.896292210 -0.000609633 -0.002938019 0.999995470 207.126571655
0.999991357 -0.003967125 0.001237369 -0.601266563 0.003963681 0.999988317 0.002773451 -2.913450956 -0.001248357 -0.002768522 0.999995351 208.298141479
0.999991119 -0.003780166 0.001865195 -0.611485124 0.003772634 0.999984860 0.004025260 -2.940289736 -0.001880383 -0.004018188 0.999990106 209.450057983
0.999989212 -0.004460528 0.001262894 -0.617321789 0.004454529 0.999978900 0.004713528 -2.954725742 -0.001283892 -0.004707852 0.999988019 210.569244385
0.999989927 -0.004437609 0.000673165 -0.621758819 0.004434438 0.999979317 0.004641748 -2.974748135 -0.000693749 -0.004638717 0.999988973 211.678512573
0.999993801 -0.003502018 0.000253554 -0.630154848 0.003501040 0.999986768 0.003759978 -2.994599104 -0.000266718 -0.003759067 0.999992907 212.800003052
0.999995530 -0.002995079 -0.000159720 -0.636858642 0.002995509 0.999991715 0.002759368 -3.010377884 0.000151454 -0.002759834 0.999996185 213.887435913
0.999994040 -0.003384511 -0.000713056 -0.643049419 0.003386551 0.999990046 0.002878665 -3.031250954 0.000703306 -0.002881062 0.999995530 214.959991455
0.999990642 -0.003965625 -0.001760428 -0.651724815 0.003970498 0.999988258 0.002773422 -3.048622131 0.001749409 -0.002780385 0.999994636 216.022705078
0.999983847 -0.004312568 -0.003707078 -0.653015852 0.004326268 0.999983788 0.003695388 -3.070273399 0.003691082 -0.003711365 0.999986231 217.075027466
0.999969840 -0.005112807 -0.005842241 -0.665796459 0.005144214 0.999972224 0.005373551 -3.088540077 0.005814606 -0.005403443 0.999968410 218.115188599
0.999952018 -0.005419963 -0.008166509 -0.674123406 0.005476821 0.999960721 0.006956128 -3.106034279 0.008128488 -0.007000520 0.999942362 219.156417847
0.999935746 -0.005017548 -0.010165310 -0.694950581 0.005088899 0.999962449 0.007005455 -3.121500969 0.010129780 -0.007056735 0.999923766 220.152816772
0.999906182 -0.005073926 -0.012724508 -0.711178780 0.005156687 0.999965668 0.006479741 -3.133990765 0.012691193 -0.006544749 0.999898016 221.150466919
0.999868155 -0.004579685 -0.015582052 -0.732558250 0.004679420 0.999968767 0.006370286 -3.146607399 0.015552392 -0.006442361 0.999858260 222.129196167
0.999815166 -0.004355215 -0.018725760 -0.754047871 0.004490818 0.999963939 0.007205619 -3.167421341 0.018693704 -0.007288382 0.999798715 223.071990967
0.999760926 -0.003869851 -0.021522056 -0.779932976 0.004019786 0.999967933 0.006927733 -3.183665276 0.021494558 -0.007012591 0.999744415 223.998199463
0.999693573 -0.003516237 -0.024502652 -0.807374001 0.003670474 0.999973774 0.006252569 -3.194810867 0.024480021 -0.006340590 0.999680281 224.911437988
0.999604344 -0.004089707 -0.027825162 -0.838644028 0.004240930 0.999976516 0.005377918 -3.207947493 0.027802516 -0.005493795 0.999598265 225.787857056
0.999514699 -0.003816174 -0.030915774 -0.872260094 0.003995407 0.999975562 0.005737772 -3.236273766 0.030893123 -0.005858510 0.999505520 226.657318115
0.999427915 -0.003259421 -0.033662483 -0.910478592 0.003428309 0.999981821 0.004960598 -3.248821735 0.033645701 -0.005073166 0.999420941 227.487808228
0.999335647 -0.001904646 -0.036393531 -0.943906784 0.002086034 0.999985635 0.004946742 -3.264589548 0.036383580 -0.005019375 0.999325275 228.303787231
0.999315083 -0.000819110 -0.036996253 -0.980831623 0.001009472 0.999986291 0.005127023 -3.273163795 0.036991548 -0.005160857 0.999302268 229.111251831
0.999329448 -0.000663692 -0.036608692 -1.015789986 0.000901226 0.999978662 0.006472337 -3.294554234 0.036603618 -0.006500989 0.999308705 229.897125244
0.999344647 -0.000853809 -0.036187910 -1.047698498 0.001107185 0.999975026 0.006982232 -3.306054115 0.036181040 -0.007017722 0.999320626 230.658905029
0.999362290 -0.001075503 -0.035692088 -1.078536510 0.001320402 0.999975801 0.006838563 -3.321197748 0.035683870 -0.006881329 0.999339461 231.404388428
0.999370039 -0.000233909 -0.035489738 -1.105412006 0.000412135 0.999987364 0.005014672 -3.333184004 0.035488110 -0.005026139 0.999357402 232.136581421
0.999395192 -0.000424801 -0.034774698 -1.130272388 0.000526331 0.999995589 0.002910535 -3.344805956 0.034773309 -0.002927078 0.999390841 232.867126465
0.999441206 -0.000214055 -0.033426970 -1.159248829 0.000264747 0.999998808 0.001512082 -3.359627247 0.033426609 -0.001520086 0.999440014 233.587539673
0.999479115 0.000200840 -0.032272518 -1.182946682 -0.000164838 0.999999285 0.001118232 -3.370215654 0.032272726 -0.001112330 0.999478400 234.323791504
0.999539077 -0.000134756 -0.030360412 -1.208318710 0.000165546 0.999999464 0.001011627 -3.382452250 0.030360268 -0.001016186 0.999538481 235.043457031
0.999593675 -0.000179598 -0.028502917 -1.232996941 0.000210037 0.999999344 0.001064938 -3.398868322 0.028502718 -0.001070492 0.999593079 235.750823975
0.999644578 -0.000232887 -0.026657306 -1.254384518 0.000253927 0.999999583 0.000785881 -3.409207821 0.026657118 -0.000792371 0.999644339 236.475830078
0.999687612 -0.000582515 -0.024987949 -1.267412186 0.000597794 0.999999642 0.000603969 -3.423193932 0.024987590 -0.000618718 0.999687552 237.182754517
0.999761701 -0.000435361 -0.021819711 -1.293191195 0.000462788 0.999999106 0.001251949 -3.437345266 0.021819148 -0.001261749 0.999761105 237.898635864
0.999825418 -0.001554231 -0.018618017 -1.301400185 0.001589761 0.999996960 0.001893746 -3.450646400 0.018615017 -0.001923014 0.999824941 238.598968506
0.999874234 -0.002441836 -0.015671022 -1.316283941 0.002471852 0.999995172 0.001896274 -3.459895134 0.015666313 -0.001934772 0.999875367 239.295883179
0.999912083 -0.002906056 -0.012936855 -1.322534084 0.002934109 0.999993384 0.002150006 -3.474164486 0.012930519 -0.002187775 0.999913990 239.994705200
0.999947250 -0.003238423 -0.009748871 -1.334372520 0.003256415 0.999993026 0.001830224 -3.484915495 0.009742873 -0.001861874 0.999950767 240.682128906
0.999974549 -0.003249427 -0.006350040 -1.343340397 0.003258301 0.999993682 0.001387435 -3.497300625 0.006345492 -0.001408090 0.999978900 241.381881714
0.999990165 -0.002466939 -0.003691035 -1.344101429 0.002468633 0.999996841 0.000454249 -3.507285833 0.003689904 -0.000463356 0.999993086 242.071090698
0.999997497 -0.002167792 -0.000507942 -1.348808169 0.002167860 0.999997735 0.000133971 -3.520688772 0.000507652 -0.000135072 0.999999881 242.764282227
0.999995649 -0.001794903 0.002305214 -1.347180486 0.001792418 0.999997735 0.001079958 -3.532828808 -0.002307147 -0.001075822 0.999996781 243.460037231
0.999989867 -0.001532882 0.004212097 -1.342160583 0.001525861 0.999997377 0.001669693 -3.543509483 -0.004214646 -0.001663249 0.999989808 244.164840698
0.999976337 -0.001436844 0.006719834 -1.341295123 0.001430542 0.999998569 0.000942521 -3.551532984 -0.006721179 -0.000932886 0.999976993 244.869781494
0.999956012 -0.001647968 0.009232989 -1.340290070 0.001650493 0.999998629 -0.000265795 -3.564046144 -0.009232538 0.000281022 0.999957323 245.577804565
0.999937236 -0.001395754 0.011115293 -1.336954832 0.001425095 0.999995530 -0.002632236 -3.574580431 -0.011111571 0.002647912 0.999934733 246.284347534
0.999925494 -0.003323511 0.011755221 -1.323763132 0.003372806 0.999985516 -0.004176083 -3.588101149 -0.011741174 0.004215419 0.999922156 247.004974365
0.999922097 -0.003461658 0.011991009 -1.318371296 0.003514008 0.999984384 -0.004347497 -3.602310181 -0.011975771 0.004389296 0.999918640 247.723342896
0.999918699 -0.004043730 0.012086470 -1.309803963 0.004105824 0.999978483 -0.005117057 -3.616657257 -0.012065519 0.005166266 0.999913871 248.452285767
0.999920428 -0.002780744 0.012302811 -1.305327892 0.002847904 0.999981046 -0.005444792 -3.629769087 -0.012287440 0.005479396 0.999909461 249.185333252
0.999918044 -0.001992662 0.012639692 -1.299801350 0.002067131 0.999980569 -0.005881370 -3.643497944 -0.012627728 0.005907015 0.999902844 249.924011230
0.999911129 -0.003144995 0.012956215 -1.292031765 0.003247472 0.999963582 -0.007896009 -3.657705307 -0.012930908 0.007937384 0.999884903 250.670516968
0.999886572 -0.006972396 0.013349453 -1.281488895 0.007105967 0.999924839 -0.009984612 -3.674715757 -0.013278835 0.010078341 0.999861062 251.418899536
0.999852419 -0.010195145 0.013828469 -1.268138409 0.010345543 0.999887645 -0.010848508 -3.689298868 -0.013716313 0.010989969 0.999845445 252.184204102
0.999865651 -0.007582327 0.014527163 -1.262698889 0.007685981 0.999945343 -0.007092760 -3.700790882 -0.014472589 0.007203463 0.999869287 252.961196899
0.999878049 -0.004138353 0.015054482 -1.262283087 0.004151889 0.999991000 -0.000867997 -3.715162992 -0.015050752 0.000930396 0.999886215 253.740371704
0.999863386 -0.004893759 0.015784569 -1.251932144 0.004849974 0.999984324 0.002810963 -3.733147621 -0.015798075 -0.002734024 0.999871373 254.526000977
0.999814749 -0.006417187 0.018145937 -1.235276699 0.006407408 0.999979317 0.000597044 -3.743589640 -0.018149393 -0.000480665 0.999835074 255.330825806
0.999736547 -0.005258553 0.022342836 -1.226089478 0.005384733 0.999969900 -0.005591002 -3.753590584 -0.022312764 0.005709839 0.999734700 256.117248535
0.999652147 -0.003039475 0.026197808 -1.209390640 0.003279857 0.999952853 -0.009137546 -3.767194033 -0.026168803 0.009220293 0.999615014 256.928436279
0.999578178 -0.001129568 0.029023509 -1.186248302 0.001388874 0.999959230 -0.008915734 -3.781365395 -0.029012259 0.008952282 0.999539018 257.750000000
0.999478400 -0.002851699 0.032168288 -1.160373688 0.003065703 0.999973476 -0.006605257 -3.799035549 -0.032148592 0.006700432 0.999460638 258.582672119
0.999367476 -0.005495431 0.035138637 -1.125571251 0.005613442 0.999978900 -0.003260640 -3.814516544 -0.035119981 0.003455825 0.999377131 259.419189453
0.999247372 -0.008060553 0.037945513 -1.093251228 0.008139429 0.999965072 -0.001924605 -3.827913761 -0.037928674 0.002232011 0.999277949 260.261291504
0.999136627 -0.008059922 0.040755704 -1.059590340 0.008135193 0.999965489 -0.001681367 -3.841015339 -0.040740751 0.002011471 0.999167740 261.096374512
0.999025643 -0.005156046 0.043831192 -1.037845612 0.005311505 0.999980032 -0.003431052 -3.858026505 -0.043812636 0.003660519 0.999032974 261.919555664
0.998911798 -0.004082805 0.046459414 -1.007406235 0.004351777 0.999974370 -0.005689752 -3.872347593 -0.046434995 0.005885742 0.998903930 262.755615234
0.998787165 -0.003721800 0.049094602 -0.977246284 0.004008444 0.999975562 -0.005741420 -3.893018484 -0.049072038 0.005931250 0.998777568 263.593353271
0.998665392 -0.003527538 0.051525556 -0.925370216 0.003722158 0.999986291 -0.003681695 -3.907697916 -0.051511869 0.003868567 0.998664916 264.460418701
0.998520136 -0.002130430 0.054341178 -0.883357048 0.002240717 0.999995589 -0.001968692 -3.927811861 -0.054336742 0.002087542 0.998520434 265.301635742
0.998358548 -0.001239897 0.057257816 -0.838826180 0.001371221 0.999996603 -0.002254322 -3.940244675 -0.057254829 0.002329134 0.998356938 266.160736084
0.998197854 -0.000838223 0.060002699 -0.788584709 0.001016167 0.999995172 -0.002935135 -3.952028990 -0.059999947 0.002990818 0.998193920 267.000885010
0.998047173 -0.002751688 0.062402874 -0.734258652 0.002982912 0.999989033 -0.003612486 -3.966054916 -0.062392246 0.003791574 0.998044491 267.853759766
0.997898221 -0.005256866 0.064587660 -0.687513351 0.005446331 0.999981403 -0.002757736 -3.983343124 -0.064571954 0.003103705 0.997908235 268.696624756
0.997866035 -0.006682206 0.064953126 -0.619441986 0.006868997 0.999972820 -0.002652862 -4.000718594 -0.064933635 0.003093363 0.997884929 269.554565430
0.997838438 -0.007201340 0.065319315 -0.563409805 0.007411986 0.999968112 -0.002983099 -4.011047840 -0.065295741 0.003460797 0.997860014 270.402587891
0.997823894 -0.007757472 0.065477528 -0.511156082 0.007953312 0.999964595 -0.002730817 -4.030782700 -0.065454029 0.003245638 0.997850418 271.259277344
0.997824788 -0.007203639 0.065527163 -0.462135315 0.007342517 0.999971271 -0.001878813 -4.049422264 -0.065511748 0.002355861 0.997848988 272.124694824
0.997868061 -0.006632917 0.064926013 -0.410245895 0.006765686 0.999975443 -0.001825274 -4.060934067 -0.064912327 0.002260652 0.997888386 272.976470947
0.997956872 -0.007379815 0.063463435 -0.357297897 0.007535401 0.999969184 -0.002212579 -4.085181236 -0.063445143 0.002686281 0.997981608 273.840301514
0.998032570 -0.007072928 0.062297005 -0.316177368 0.007284236 0.999968410 -0.003165469 -4.105313778 -0.062272649 0.003613027 0.998052597 274.691558838
0.998143196 -0.006432119 0.060571350 -0.264329910 0.006675664 0.999970436 -0.003819294 -4.121129990 -0.060544997 0.004216556 0.998156548 275.553436279
0.998231947 -0.005207994 0.059209291 -0.228647232 0.005462858 0.999976516 -0.004143398 -4.142053604 -0.059186324 0.004459525 0.998237014 276.393890381
0.998344302 -0.003942351 0.057386313 -0.182288170 0.004210740 0.999980807 -0.004556715 -4.156360626 -0.057367243 0.004790809 0.998341680 277.245849609
0.998474658 -0.003091517 0.055124030 -0.138431549 0.003307607 0.999987185 -0.003829266 -4.175430775 -0.055111486 0.004005754 0.998472095 278.109283447
0.998631835 -0.003205829 0.052192878 -0.098963737 0.003343829 0.999991179 -0.002556946 -4.190614700 -0.052184220 0.002727972 0.998633683 278.964294434
0.998835325 -0.004216701 0.048064671 -0.058790207 0.004238520 0.999991059 -0.000352042 -4.202735901 -0.048062760 0.000555355 0.998844147 279.809448242
0.999050558 -0.005847873 0.043171052 -0.027425766 0.005784793 0.999982059 0.001585958 -4.223257065 -0.043179549 -0.001334716 0.999066472 280.645812988
0.999235511 -0.006323215 0.038582087 0.001079559 0.006218389 0.999976635 0.002836366 -4.238543510 -0.038599122 -0.002594279 0.999251366 281.477020264
0.999414146 -0.006249079 0.033650488 0.022571564 0.006135256 0.999975085 0.003484710 -4.250015259 -0.033671428 -0.003276214 0.999427617 282.311584473
0.999560118 -0.006763187 0.028876850 0.043531418 0.006660568 0.999971211 0.003648404 -4.260869503 -0.028900689 -0.003454463 0.999576330 283.121490479
0.999672592 -0.007590896 0.024432272 0.052755833 0.007497979 0.999964416 0.003892415 -4.275044918 -0.024460945 -0.003707948 0.999693930 283.927276611
0.999763012 -0.007281855 0.020512484 0.059784412 0.007209149 0.999967456 0.003616173 -4.290610313 -0.020538148 -0.003467439 0.999783039 284.707214355
0.999837339 -0.007362327 0.016460847 0.067824364 0.007309152 0.999967873 0.003288275 -4.301232815 -0.016484523 -0.003167425 0.999859035 285.470947266
0.999892592 -0.007195914 0.012761077 0.069393158 0.007154624 0.999968946 0.003278272 -4.314505100 -0.012784272 -0.003186619 0.999913216 286.216400146
