1.000000000 -0.000000000 -0.000000000 0.000000000 -0.000000000 1.000000000 0.000000000 0.000000000 -0.000000000 0.000000000 1.000000000 0.000000000
0.999979079 0.000415967 -0.006452091 -0.008444009 -0.000413425 0.999999821 0.000395364 -0.001906573 0.006452254 -0.000392688 0.999979079 0.091529459
0.999907494 0.000934488 -0.013569234 -0.016520916 -0.000932362 0.999999523 0.000162991 -0.001879487 0.013569380 -0.000150324 0.999907911 0.188346535
0.999772608 0.001384388 -0.021280689 -0.026086077 -0.001396812 0.999998868 -0.000568998 -0.002002636 0.021279877 0.000598593 0.999773383 0.285295457
0.999541819 0.001723030 -0.030219689 -0.042996913 -0.001783617 0.999996424 -0.001978058 -0.001901523 0.030216174 0.002031052 0.999541342 0.390538275
0.999125481 0.001925824 -0.041768190 -0.058857486 -0.002070411 0.999992013 -0.003418689 -0.005065772 0.041761272 0.003502177 0.999121487 0.500864863
0.998478949 0.001736856 -0.055107038 -0.084070519 -0.001962185 0.999989927 -0.004035083 -0.008048540 0.055099476 0.004137076 0.998472273 0.625752091
0.997427702 0.001847552 -0.071655802 -0.108601861 -0.002170968 0.999987781 -0.004435844 -0.003945158 0.071646735 0.004579996 0.997419536 0.760978580
0.995905876 0.000228361 -0.090396039 -0.134671554 -0.000608687 0.999991059 -0.004179781 -0.009021048 0.090394281 0.004217691 0.995897114 0.916634619
0.993912876 -0.000740428 -0.110166334 -0.175928548 0.000260990 0.999990463 -0.004366299 -0.012545612 0.110168509 0.004310968 0.993903577 1.075489521
0.991257370 -0.000923306 -0.131939054 -0.219809055 0.000280228 0.999988019 -0.004892538 -0.011459328 0.131941959 0.004812792 0.991245747 1.223625064
0.987742007 0.002698119 -0.156071633 -0.275423288 -0.003703067 0.999974251 -0.006148618 -0.017591381 0.156051025 0.006651192 0.987726569 1.393823862
0.983362734 0.007064437 -0.181515217 -0.341900289 -0.008565720 0.999935269 -0.007488240 -0.024632230 0.181450561 0.008918465 0.983359635 1.568145752
0.977952361 0.009904189 -0.208592936 -0.413335472 -0.011961593 0.999891400 -0.008604102 -0.027475281 0.208485082 0.010909506 0.977964640 1.749137640
0.971282959 0.010567913 -0.237692028 -0.491910130 -0.013089848 0.999873519 -0.009034259 -0.026722601 0.237566486 0.011886177 0.971298516 1.933522344
0.963334024 0.012507178 -0.268013209 -0.583928049 -0.015282615 0.999848962 -0.008271882 -0.033826519 0.267869204 0.012064528 0.963379741 2.124987125
0.953817606 0.014407351 -0.300040483 -0.677644730 -0.017387753 0.999822438 -0.007265538 -0.036265645 0.299882501 0.012147031 0.953898787 2.315164566
0.942593634 0.016200870 -0.333548695 -0.782641530 -0.019510545 0.999788105 -0.006574987 -0.031531338 0.333371520 0.012705261 0.942709923 2.507861137
0.930056393 0.018875791 -0.366931498 -0.875330806 -0.022407034 0.999734581 -0.005366206 -0.045274965 0.366732836 0.013212726 0.930232465 2.669789553
0.916205704 0.021347551 -0.400139213 -0.987210691 -0.025406167 0.999665558 -0.004840483 -0.044091713 0.399902076 0.014600884 0.916441619 2.837961435
0.900174201 0.022778977 -0.434933931 -1.101285696 -0.027178859 0.999622941 -0.003897880 -0.048649445 0.434681177 0.015329779 0.900453866 3.009157181
0.881635427 0.018258454 -0.471577853 -1.229771376 -0.023112269 0.999722719 -0.004502331 -0.049173731 0.471364856 0.014868648 0.881812990 3.197589874
0.860411704 0.013030556 -0.509432971 -1.367056370 -0.018113649 0.999823272 -0.005019184 -0.050207861 0.509277642 0.013546254 0.860495627 3.374566555
0.835444868 0.014457986 -0.549384117 -1.525904417 -0.018621186 0.999824584 -0.002005014 -0.052209038 0.549258709 0.011905260 0.835567534 3.553558826
0.806576848 0.020867921 -0.590760767 -1.715207934 -0.023886399 0.999711037 0.002701051 -0.065282427 0.590646446 0.011932543 0.806842268 3.725469351
0.773921847 0.023708571 -0.632837117 -1.909892082 -0.026840074 0.999629021 0.004626235 -0.068052381 0.632712066 0.013405050 0.774271190 3.892971992
0.737780571 0.022909023 -0.674651682 -2.118451118 -0.026222276 0.999642372 0.005268706 -0.067891650 0.674531043 0.013803755 0.738117456 4.059962273
0.698275685 0.018924993 -0.715578854 -2.338499546 -0.020260315 0.999772429 0.006670691 -0.070481464 0.715542138 0.009839871 0.698500156 4.222288132
0.655376494 0.015264537 -0.755148172 -2.573674679 -0.014919417 0.999862254 0.007262948 -0.069078542 0.755155027 0.006506405 0.655514002 4.379913807
0.610563636 0.014543098 -0.791833758 -2.834718227 -0.012437847 0.999884188 0.008773706 -0.063290194 0.791869581 0.004491803 0.610673726 4.529897213
0.563074470 0.015111378 -0.826268017 -3.113745928 -0.010270141 0.999883473 0.011287822 -0.058756039 0.826342344 0.002130003 0.563164055 4.661619663
0.511858940 0.015770331 -0.858924866 -3.407048225 -0.008152834 0.999875605 0.013499751 -0.058007643 0.859030783 0.000092703 0.511923909 4.787915230
0.459598571 0.016971048 -0.887964666 -3.726186752 -0.008183569 0.999855816 0.014873844 -0.045606665 0.888089001 0.000430721 0.459671259 4.891170979
0.404656291 0.019210393 -0.914267123 -4.039492607 -0.006432549 0.999814332 0.018160839 -0.045806028 0.914446294 -0.001467830 0.404704660 4.985269547
0.349149585 0.021082593 -0.936829925 -4.389171600 -0.006096306 0.999776900 0.020227116 -0.039850891 0.937047243 -0.001351088 0.349200100 5.066154480
0.293820560 0.024437655 -0.955548167 -4.766362190 -0.003702177 0.999694705 0.024428299 -0.036514074 0.955853462 -0.003639928 0.293821365 5.140127659
0.239963144 0.025962392 -0.970434844 -5.151265621 0.001038395 0.999634922 0.027000358 -0.032743663 0.970781505 -0.007486787 0.239848554 5.207114220
0.189082459 0.026660590 -0.981599212 -5.501110554 0.004383169 0.999598622 0.027993772 -0.035274461 0.981951416 -0.009595647 0.188889682 5.240489960
0.141420290 0.027837293 -0.989558160 -5.907649994 0.001964153 0.999594748 0.028400335 -0.029537261 0.989947617 -0.005960030 0.141308352 5.257060528
0.099313311 0.027913056 -0.994664729 -6.342237473 -0.000386906 0.999607503 0.028013136 -0.014394939 0.995056152 -0.002397235 0.099285133 5.257782936
0.061333299 0.026512463 -0.997765183 -6.779021263 -0.000977210 0.999648333 0.026502429 -0.006187975 0.998116851 -0.000650456 0.061337665 5.250798225
0.026726471 0.023727169 -0.999361098 -7.238756180 0.000072182 0.999718189 0.023737581 -0.001743495 0.999642789 -0.000706558 0.026717225 5.242925644
-0.004239343 0.020949112 -0.999771476 -7.713862419 0.000226982 0.999780595 0.020948337 0.005000055 0.999991059 -0.000138123 -0.004243171 5.210385323
-0.031015296 0.019122362 -0.999335945 -8.200741768 0.000118064 0.999817014 0.019127904 0.011307284 0.999518931 0.000475271 -0.031011872 5.174673080
-0.051741265 0.016711099 -0.998520613 -8.714520454 -0.000701276 0.999859214 0.016769832 0.022489868 0.998660326 0.001567931 -0.051722258 5.128495216
-0.068363145 0.015759023 -0.997536063 -9.234583855 0.000088422 0.999875307 0.015789920 0.035949044 0.997660458 0.000991244 -0.068356015 5.086954594
-0.081332810 0.015974479 -0.996559024 -9.772658348 0.000292883 0.999871910 0.016003681 0.045284383 0.996686935 0.001009749 -0.081327081 5.030511856
-0.090856865 0.017516591 -0.995710015 -10.330955505 0.001019855 0.999846339 0.017496303 0.049339332 0.995863497 0.000574180 -0.090860784 4.970515728
-0.097681642 0.018839369 -0.995039403 -10.903697968 -0.001390957 0.999817252 0.019066373 0.045840621 0.995216787 0.003246492 -0.097637579 4.905707836
-0.102035001 0.019920554 -0.994581401 -11.496658325 -0.001202435 0.999796331 0.020148359 0.052082166 0.994780064 0.003251758 -0.101990275 4.835865498
-0.103442088 0.020379655 -0.994426608 -12.102888107 0.000864519 0.999791563 0.020399671 0.065004587 0.994635165 0.001250484 -0.103438154 4.770884037
-0.102627963 0.022681758 -0.994461238 -12.718039513 0.002364229 0.999742746 0.022558231 0.069675431 0.994717002 -0.000036029 -0.102655210 4.710771084
-0.100947097 0.025160855 -0.994573593 -13.381278038 0.001774524 0.999683142 0.025110006 0.078031257 0.994890153 0.000769888 -0.100959755 4.639977932
-0.099330470 0.025174841 -0.994735956 -14.034979820 -0.000462983 0.999678612 0.025346164 0.085097909 0.995054364 0.002978192 -0.099286892 4.569799423
-0.097574249 0.022707382 -0.994969189 -14.699582100 -0.001730535 0.999734342 0.022985842 0.096380383 0.995226741 0.003964655 -0.097509041 4.500922203
-0.096336365 0.022492448 -0.995094657 -15.382858276 -0.002443374 0.999736249 0.022833910 0.107334167 0.995345891 0.004631126 -0.096256010 4.431505203
-0.094630159 0.025175473 -0.995194137 -16.078739166 -0.002090765 0.999672890 0.025487585 0.119495064 0.995510340 0.004492610 -0.094546586 4.362195015
-0.092807546 0.028833747 -0.995266557 -16.798959732 -0.003143653 0.999567091 0.029251484 0.129577428 0.995679080 0.005843530 -0.092676729 4.292227268
-0.090977818 0.030613041 -0.995382309 -17.528293610 -0.003087230 0.999514043 0.031022280 0.143830299 0.995848179 0.005895313 -0.090839081 4.219278336
-0.089150898 0.029760359 -0.995573461 -18.268177032 -0.004683577 0.999529958 0.030298032 0.162223160 0.996007144 0.007363942 -0.088969611 4.146150589
-0.087410830 0.027022285 -0.995805740 -19.027559280 -0.007600152 0.999584794 0.027791968 0.170141816 0.996143401 0.009997592 -0.087169163 4.070616722
-0.085832052 0.026427958 -0.995959044 -19.801996231 -0.008547615 0.999591827 0.027260991 0.186124176 0.996273041 0.010852942 -0.085571118 3.996225834
-0.084290855 0.028679056 -0.996028423 -20.583524704 -0.006083576 0.999552369 0.029295355 0.203152627 0.996422708 0.008528745 -0.084078647 3.927371025
-0.083171055 0.030607188 -0.996065199 -21.381553650 -0.004081948 0.999509394 0.031053867 0.217125446 0.996527016 0.006648669 -0.083005302 3.863125086
-0.081535913 0.032523397 -0.996139586 -22.168508530 -0.003077300 0.999454498 0.032883506 0.230254948 0.996665776 0.005746609 -0.081391364 3.782605171
-0.081094347 0.027941639 -0.996314704 -22.967689514 -0.002952085 0.999595881 0.028273944 0.237496853 0.996702075 0.005234063 -0.080979109 3.723908424
-0.080668010 0.021141250 -0.996516764 -23.775098801 -0.001622261 0.999770939 0.021341609 0.246036381 0.996739745 0.003338196 -0.080615237 3.655083418
-0.080915652 0.016407756 -0.996585906 -24.597576141 0.001629963 0.999865353 0.016329408 0.259502470 0.996719658 -0.000303093 -0.080931515 3.590198040
-0.081704468 0.017311849 -0.996506274 -25.433883667 0.002919975 0.999849021 0.017130509 0.267288864 0.996652365 -0.001510135 -0.081742682 3.522675037
-0.081579998 0.024831276 -0.996357441 -26.277042389 0.001952987 0.999691725 0.024754466 0.271760106 0.996664941 0.000073596 -0.081603348 3.442975521
-0.081838399 0.031900838 -0.996134937 -27.099443436 0.000726113 0.999489248 0.031948600 0.281340361 0.996645391 0.001891315 -0.081819735 3.370057344
-0.082386360 0.037319690 -0.995901525 -27.944667816 -0.001182904 0.999294281 0.037544686 0.293525696 0.996599793 0.004271225 -0.082284056 3.296082973
-0.082706288 0.037822492 -0.995856047 -28.785095215 -0.002907623 0.999266148 0.038193494 0.303391457 0.996569753 0.006054415 -0.082535602 3.217167854
-0.082720928 0.034071136 -0.995990217 -29.619344711 -0.003126538 0.999401510 0.034447502 0.321080387 0.996567845 0.005963531 -0.082564898 3.139365911
-0.082903422 0.031071689 -0.996073127 -30.458322525 -0.003077652 0.999501050 0.031434774 0.341227949 0.996552825 0.005671617 -0.082766421 3.059734821
-0.082940347 0.032477930 -0.996025145 -31.293308258 -0.004517121 0.999446273 0.032965623 0.356518924 0.996544302 0.007233347 -0.082747720 2.981024027
-0.082979217 0.034966439 -0.995937705 -32.135951996 -0.005455985 0.999353290 0.035540942 0.365907609 0.996536374 0.008382979 -0.082734786 2.907726049
-0.082786836 0.033499174 -0.996004105 -32.961338043 -0.006325532 0.999397218 0.034139063 0.374260068 0.996547163 0.009126522 -0.082525015 2.831822634
-0.082687907 0.028221281 -0.996175766 -33.785987854 -0.006961046 0.999558270 0.028894905 0.387364149 0.996551216 0.009323684 -0.082454912 2.762793541
-0.082411222 0.024074949 -0.996307611 -34.618530273 -0.008330448 0.999656618 0.024844941 0.399649620 0.996563554 0.010347190 -0.082182378 2.683366299
-0.081698306 0.024892285 -0.996346354 -35.444267273 -0.008096656 0.999638498 0.025638446 0.407048345 0.996624231 0.010161689 -0.081467234 2.613191128
-0.081149325 0.027362036 -0.996326327 -36.273948669 -0.006945762 0.999583304 0.028017202 0.413399935 0.996677816 0.009193823 -0.080925442 2.543292284
-0.080567963 0.032235418 -0.996227801 -37.119728088 -0.006349909 0.999440014 0.032852896 0.426765740 0.996728957 0.008972845 -0.080318153 2.465257883
-0.080088429 0.037634581 -0.996077061 -37.946910858 -0.005879179 0.999251664 0.038227238 0.444729090 0.996770501 0.008917673 -0.079807237 2.404133320
-0.079967976 0.040936079 -0.995956540 -38.805530548 -0.006687280 0.999111891 0.041602723 0.457095504 0.996775031 0.009987126 -0.079623207 2.320250511
-0.080019742 0.041018181 -0.995949030 -39.637531281 -0.006017454 0.999114931 0.041632053 0.475656629 0.996775210 0.009324463 -0.079702094 2.255185843
-0.079653807 0.036509782 -0.996153772 -40.457485199 -0.006678829 0.999287069 0.037158675 0.494195104 0.996800244 0.009612972 -0.079353176 2.183360815
-0.079033338 0.032284282 -0.996349096 -41.294948578 -0.007422676 0.999428749 0.032972872 0.509365082 0.996844351 0.010001532 -0.078748547 2.098722458
-0.079095341 0.029797269 -0.996421635 -42.104965210 -0.011569404 0.999458432 0.030806459 0.519099414 0.996800005 0.013964651 -0.078707755 2.030514717
-0.079484761 0.027707852 -0.996450961 -42.932865143 -0.014137056 0.999481797 0.028919820 0.536342859 0.996735871 0.016385568 -0.079051867 1.951014519
-0.080003031 0.025725525 -0.996462643 -43.738204956 -0.012293471 0.999565363 0.026792638 0.540510535 0.996718824 0.014393477 -0.079651989 1.883161783
-0.081462920 0.022152388 -0.996430218 -44.566829681 -0.008919981 0.999696732 0.022954259 0.546925545 0.996636510 0.010758056 -0.081240617 1.822574615
-0.081843644 0.020410744 -0.996436238 -45.390373230 -0.004527317 0.999772370 0.020850942 0.558665037 0.996634901 0.006217700 -0.081732593 1.746546745
-0.084285505 0.023908308 -0.996154904 -46.213283539 -0.004096536 0.999695361 0.024339898 0.565357804 0.996433258 0.006132286 -0.084161885 1.680109739
-0.085952699 0.030703899 -0.995826066 -47.031055450 -0.001693357 0.999519110 0.030963922 0.564770877 0.996297836 0.004347722 -0.085859366 1.604571819
-0.087272182 0.034599323 -0.995583534 -47.822631836 0.000154161 0.999397159 0.034718346 0.571447611 0.996184528 0.002876465 -0.087224886 1.533466816
-0.088764422 0.033671603 -0.995483398 -48.632610321 0.000298866 0.999429345 0.033778422 0.582472086 0.996052623 0.002700805 -0.088723816 1.456043243
-0.090118796 0.029582821 -0.995491624 -49.425708771 -0.003195032 0.999545038 0.029992517 0.593239725 0.995925963 0.005883516 -0.089983277 1.380370140
-0.090832248 0.025915850 -0.995529056 -50.209175110 -0.008583372 0.999603868 0.026805077 0.599269032 0.995829284 0.010979760 -0.090573825 1.286289692
-0.092586279 0.024684463 -0.995398700 -50.997646332 -0.012267589 0.999588490 0.025929425 0.606967330 0.995629132 0.014611850 -0.092245355 1.209351540
-0.093283586 0.025868554 -0.995303512 -51.795192719 -0.013816116 0.999532461 0.027273370 0.612291336 0.995543659 0.016295386 -0.092882581 1.124300003
-0.094292730 0.027480803 -0.995165169 -52.582756042 -0.013802304 0.999486744 0.028907923 0.619188428 0.995448887 0.016461380 -0.093865037 1.045158386
-0.095244743 0.026877662 -0.995091021 -53.364219666 -0.015580591 0.999472737 0.028487304 0.626416147 0.995331943 0.018217372 -0.094775729 0.963485241
-0.095596299 0.026717616 -0.995061636 -54.142902374 -0.016235348 0.999464869 0.028395589 0.634529948 0.995287776 0.018869683 -0.095111363 0.879642010
-0.096370235 0.028586773 -0.994934916 -54.916904449 -0.014670738 0.999438047 0.030137179 0.642485023 0.995237470 0.017500756 -0.095896684 0.804909706
-0.096574470 0.031319968 -0.994832814 -55.687648773 -0.013981720 0.999363482 0.032819893 0.654366016 0.995227575 0.017079040 -0.096075080 0.729652405
-0.096872412 0.035757441 -0.994654298 -56.463348389 -0.013647452 0.999212742 0.037250485 0.662312269 0.995203257 0.017183037 -0.096308127 0.648750782
-0.097281337 0.037779752 -0.994539678 -57.226173401 -0.013888748 0.999130428 0.039312687 0.676417708 0.995159984 0.017637298 -0.096672021 0.571438313
-0.098223984 0.037723269 -0.994449139 -57.977146149 -0.013499617 0.999138951 0.039234556 0.688485622 0.995072782 0.017278461 -0.097630158 0.496352673
-0.098547027 0.036009431 -0.994480729 -58.715888977 -0.012956023 0.999213994 0.037464689 0.696606874 0.995048106 0.016576551 -0.098003022 0.422389507
-0.098513290 0.032299593 -0.994611442 -59.448913574 -0.012299978 0.999357224 0.033671986 0.713689923 0.995059788 0.015550836 -0.098052673 0.343503475
-0.098240584 0.029246725 -0.994732857 -60.180290222 -0.013057631 0.999444127 0.030674826 0.722725511 0.995077074 0.016002366 -0.097804077 0.262417793
-0.097279854 0.026926044 -0.994892836 -60.886322021 -0.013486896 0.999506474 0.028369654 0.732409239 0.995165706 0.016177809 -0.096868701 0.193730831
-0.094820648 0.026133778 -0.995151341 -61.580371857 -0.016244549 0.999481559 0.027795326 0.737377882 0.995361805 0.018801356 -0.094346970 0.119129658
-0.090132892 0.027082356 -0.995561421 -62.272499084 -0.016185058 0.999458373 0.028653674 0.742504716 0.995798290 0.018695857 -0.089645728 0.046344757
-0.084478326 0.029011717 -0.996002913 -62.933582306 -0.016182065 0.999404192 0.030483315 0.743468642 0.996294022 0.018692562 -0.083958529 -0.010487080
-0.077575266 0.030347254 -0.996524572 -63.570835114 -0.014865517 0.999390244 0.031591747 0.751916885 0.996875703 0.017264584 -0.077076852 -0.050252438
-0.068811283 0.031553477 -0.997130632 -64.209075928 -0.016120736 0.999334037 0.032735683 0.757983088 0.997499526 0.018327063 -0.068256795 -0.094898224
-0.056892134 0.033277217 -0.997825682 -64.833541870 -0.018121390 0.999245226 0.034357782 0.765354037 0.998215973 0.020036668 -0.056246154 -0.134739876
-0.041906513 0.034847159 -0.998513639 -65.436111450 -0.021226171 0.999134958 0.035759684 0.772504568 0.998896062 0.022693187 -0.041130591 -0.162805557
-0.023417257 0.035972107 -0.999078393 -66.037605286 -0.022358965 0.999083698 0.036496360 0.783461452 0.999475777 0.023193002 -0.022591501 -0.173470140
-0.001550727 0.036954060 -0.999315739 -66.598869324 -0.023357160 0.999043047 0.036980215 0.793590188 0.999725997 0.023398524 -0.000686102 -0.155649796
0.024109257 0.037271310 -0.999014258 -67.110160828 -0.023016114 0.999060631 0.036717582 0.796357751 0.999444306 0.022108193 0.024944449 -0.132277727
0.053430393 0.036603786 -0.997900426 -67.634300232 -0.021654738 0.999135435 0.035489630 0.806321740 0.998336732 0.019713050 0.054176837 -0.085777044
0.087815128 0.036519758 -0.995467126 -68.143066406 -0.020496897 0.999182463 0.034847919 0.814115167 0.995925784 0.017343808 0.088491872 -0.021099567
0.125282764 0.036596999 -0.991445839 -68.617858887 -0.020222459 0.999206126 0.034328055 0.823260307 0.991914868 0.015748760 0.125923365 0.066439629
0.166473433 0.036637437 -0.985365152 -69.065048218 -0.020013684 0.999229252 0.033771697 0.822482824 0.985842705 0.014098695 0.167078361 0.158059120
0.211613953 0.037822835 -0.976621211 -69.489524841 -0.019809403 0.999211729 0.034405429 0.829913974 0.977152467 0.012065616 0.212196365 0.270592690
0.259635150 0.036449455 -0.965018749 -69.921096802 -0.015740789 0.999314547 0.033509824 0.824420094 0.965578437 0.006489830 0.260030866 0.429656982
0.309494257 0.031493954 -0.950379670 -70.321174622 -0.008192311 0.999502718 0.030453952 0.825210690 0.950865984 -0.001639521 0.309598297 0.605556488
0.361167550 0.026787562 -0.932116091 -70.668998718 -0.003627370 0.999620080 0.027322026 0.817978621 0.932493865 -0.006486698 0.361127466 0.773666382
0.413483173 0.021810165 -0.910250545 -71.053344727 0.001183105 0.999699414 0.024490841 0.829309642 0.910511017 -0.011203473 0.413333029 0.990402222
0.464771956 0.021337368 -0.885173202 -71.435295105 0.000740348 0.999699950 0.024486791 0.839469433 0.885430157 -0.012036111 0.464616656 1.227245331
0.512890697 0.020293448 -0.858214021 -71.800315857 0.002271617 0.999684989 0.024996269 0.843370616 0.858450890 -0.014769887 0.512683034 1.483877182
0.557737231 0.015434682 -0.829873979 -72.154174805 0.010385551 0.999619007 0.025571603 0.854040146 0.829952538 -0.022880930 0.557364464 1.776012421
0.600835085 0.008729907 -0.799325407 -72.465309143 0.020985518 0.999423563 0.026689650 0.854689240 0.799097478 -0.032810334 0.600305438 2.086933136
0.645003617 0.005051034 -0.764162838 -72.766586304 0.020785056 0.999492228 0.024150489 0.847245812 0.763896823 -0.031460319 0.644571126 2.364318848
0.686321437 0.000158677 -0.727298319 -73.071983337 0.018180748 0.999683738 0.017374527 0.851118863 0.727071106 -0.025147334 0.686101496 2.685035706
0.726861000 -0.006453947 -0.686754286 -73.351974487 0.014375551 0.999879718 0.005818469 0.856249034 0.686634123 -0.014101685 0.726866424 3.024200439
0.765767753 -0.009127045 -0.643052459 -73.619232178 0.009699176 0.999949455 -0.002642501 0.861099064 0.643044114 -0.004213532 0.765817463 3.391658783
0.802782893 -0.008847781 -0.596205711 -73.856628418 0.007152125 0.999960840 -0.005209328 0.851905465 0.596228540 -0.000082179 0.802814722 3.760478973
0.836568058 -0.010369677 -0.547764957 -74.088729858 0.007789930 0.999944985 -0.007032759 0.848443091 0.547807753 0.001616330 0.836602747 4.186771393
0.866892636 -0.008928001 -0.498414904 -74.308578491 0.004924885 0.999944150 -0.009345939 0.844253063 0.498470575 0.005647290 0.866888285 4.630977631
0.892531395 -0.007588275 -0.450921476 -74.510253906 0.004373343 0.999957025 -0.008171277 0.831892133 0.450964123 0.005321086 0.892526269 5.108179092
0.914008439 -0.000979946 -0.405693769 -74.726043701 -0.002180565 0.999970794 -0.007328118 0.824333072 0.405689090 0.007582603 0.913979590 5.599624634
0.931356668 0.003128601 -0.364094645 -74.911315918 -0.006927563 0.999934375 -0.009128496 0.819149554 0.364042193 0.011024175 0.931317270 6.117136002
0.944754839 0.008419486 -0.327669442 -75.084526062 -0.011606598 0.999902427 -0.007772239 0.811937213 0.327572018 0.011145988 0.944760442 6.654972076
0.954691827 0.008919441 -0.297462463 -75.241973877 -0.011136909 0.999921441 -0.005760645 0.798204362 0.297387660 0.008812454 0.954716206 7.206604004
0.962014675 0.008427277 -0.272867769 -75.405677795 -0.010041648 0.999939382 -0.004520313 0.792761922 0.272813112 0.007088650 0.962040901 7.785753250
0.967805982 0.008723362 -0.251546115 -75.551765442 -0.009689542 0.999949694 -0.002602604 0.787759125 0.251510739 0.004956183 0.967841864 8.384260178
0.972338498 0.010852205 -0.233324140 -75.691429138 -0.011139387 0.999937952 0.000086898 0.779713929 0.233310640 0.002514594 0.972399056 9.001110077
0.975920320 0.016015857 -0.217538565 -75.849784851 -0.016132094 0.999869108 0.001241725 0.776982069 0.217530012 0.002297529 0.976050973 9.647526741
0.978684843 0.019731607 -0.204417810 -75.992561340 -0.019584198 0.999804437 0.002744331 0.768362761 0.204431996 0.001317524 0.978879869 10.297698021
0.981334209 0.018244963 -0.191442803 -76.115486145 -0.018076362 0.999833107 0.002627247 0.760870516 0.191458777 0.000882383 0.981500208 10.962127686
0.983925760 0.018439338 -0.177623451 -76.234992981 -0.018323077 0.999829471 0.002294972 0.753142834 0.177635461 0.000996527 0.984095812 11.640331268
0.986426532 0.018796515 -0.163123906 -76.344329834 -0.018573146 0.999823332 0.002894426 0.748190701 0.163149476 0.000174585 0.986601353 12.340478897
0.988631070 0.020333139 -0.148980200 -76.453643799 -0.020066593 0.999793291 0.003292225 0.743567824 0.149016306 -0.000265271 0.988834679 13.057084084
0.990514994 0.020140449 -0.135920063 -76.558532715 -0.020277126 0.999794304 0.000378983 0.732154071 0.135899693 0.002380679 0.990719736 13.773987770
0.991963983 0.020564666 -0.124837577 -76.646827698 -0.021304354 0.999762475 -0.004592995 0.718078613 0.124713451 0.007215671 0.992166579 14.499819756
0.993132174 0.019177865 -0.115415096 -76.731262207 -0.020572580 0.999728858 -0.010905262 0.709611833 0.115174651 0.013204753 0.993257463 15.242631912
0.994030774 0.018677004 -0.107489638 -76.812126160 -0.019982893 0.999738872 -0.011084638 0.700314820 0.107254535 0.013166426 0.994144440 16.001995087
0.994721293 0.020629182 -0.100518607 -76.893348694 -0.021254500 0.999760747 -0.005153814 0.686096966 0.100388214 0.007263081 0.994921863 16.765285492
0.995128274 0.024839256 -0.095408559 -76.994888306 -0.024672475 0.999691308 0.002927547 0.670142770 0.095451809 -0.000559320 0.995433927 17.574850082
0.995549679 0.025898430 -0.090610296 -77.073158264 -0.025401045 0.999655366 0.006638334 0.657809496 0.090750992 -0.004307195 0.995864272 18.340154648
0.995868087 0.024287641 -0.087503485 -77.139961243 -0.023879239 0.999698520 0.005711150 0.647008419 0.087615803 -0.003598035 0.996147871 19.114271164
0.996114731 0.024136512 -0.084692724 -77.205360413 -0.023819799 0.999705017 0.004748182 0.637795568 0.084782340 -0.002712371 0.996395826 19.888456345
0.996412098 0.023152318 -0.081405580 -77.273445129 -0.022646775 0.999718130 0.007128128 0.627018511 0.081547678 -0.005258980 0.996655524 20.658390045
0.996667564 0.020928787 -0.078840286 -77.340911865 -0.020250002 0.999750793 0.009399347 0.621861339 0.079017363 -0.007771506 0.996842921 21.433254242
0.996935546 0.018727245 -0.075952366 -77.398406982 -0.017923620 0.999776185 0.011248529 0.611921549 0.076146021 -0.009852719 0.997048020 22.202062607
0.997139931 0.018164368 -0.073363021 -77.457397461 -0.017664611 0.999816239 0.007455331 0.603593767 0.073484957 -0.006138079 0.997277498 22.960487366
0.997220755 0.020838384 -0.071531020 -77.520553589 -0.020840079 0.999782681 0.000722690 0.589838564 0.071530536 0.000770029 0.997438073 23.714006424
0.997315347 0.022293171 -0.069750778 -77.578163147 -0.022855986 0.999712169 -0.007281140 0.578443885 0.069568373 0.008855812 0.997537911 24.466081619
0.997396648 0.023036320 -0.068332665 -77.636726379 -0.023877190 0.999648571 -0.011514308 0.566113055 0.068043403 0.013115924 0.997596085 25.225250244
0.997515261 0.024998141 -0.065867111 -77.698326111 -0.025705060 0.999620497 -0.009906852 0.546045542 0.065594457 0.011575353 0.997779250 25.990303040
0.997564793 0.028039012 -0.063862294 -77.750190735 -0.028464442 0.999578178 -0.005761394 0.526215672 0.063673817 0.007565168 0.997942090 26.738946915
0.997644007 0.031121310 -0.061138723 -77.813285828 -0.031221209 0.999512374 -0.000679213 0.510437012 0.061087769 0.002586438 0.998129070 27.510112762
0.997875273 0.028858066 -0.058413185 -77.862899780 -0.028861042 0.999583125 0.000792834 0.500207722 0.058411717 0.000894716 0.998292208 28.271711349
0.998018026 0.026327347 -0.057157528 -77.910293579 -0.026307132 0.999653220 0.001106228 0.483185530 0.057166841 0.000399615 0.998364508 29.035013199
0.998154700 0.023670835 -0.055919714 -77.954032898 -0.023646025 0.999719799 0.001105429 0.468339562 0.055930212 0.000218890 0.998434603 29.785688400
0.998191833 0.023899013 -0.055153597 -77.997177124 -0.023976473 0.999712169 -0.000743033 0.457143962 0.055119973 0.002064079 0.998477578 30.528869629
0.998280227 0.021807281 -0.054416761 -78.038917542 -0.021944536 0.999757290 -0.001925951 0.445426077 0.054361563 0.003116790 0.998516440 31.286937714
0.998333693 0.020677319 -0.053872515 -78.079483032 -0.020808512 0.999781668 -0.001875387 0.432975799 0.053821970 0.002993269 0.998546064 32.045677185
0.998297155 0.024583060 -0.052900031 -78.133270264 -0.024665508 0.999695301 -0.000906178 0.421736181 0.052861642 0.002209441 0.998599410 32.820526123
0.998307467 0.024331938 -0.052822646 -78.176200867 -0.024462318 0.999699116 -0.001823038 0.410650223 0.052762400 0.003112116 0.998602271 33.599250793
0.998222709 0.023666780 -0.054693110 -78.218086243 -0.023808286 0.999714673 -0.001937090 0.397419125 0.054631665 0.003235797 0.998501360 34.374809265
0.998179972 0.021607928 -0.056301035 -78.270828247 -0.021705879 0.999763727 -0.001128810 0.383157551 0.056263346 0.002348819 0.998413265 35.162303925
0.997971535 0.023003487 -0.059360720 -78.329704285 -0.023131300 0.999731362 -0.001466860 0.372676343 0.059311032 0.002836975 0.998235583 35.964450836
0.997694612 0.027294191 -0.062132057 -78.386901855 -0.027446663 0.999621987 -0.001601668 0.356422096 0.062064853 0.003303293 0.998066783 36.746707916
0.997510076 0.027685773 -0.064861253 -78.447311401 -0.028162632 0.999582589 -0.006449152 0.342345506 0.064655617 0.008259758 0.997873545 37.541687012
0.997347772 0.028079433 -0.067148454 -78.514823914 -0.028803602 0.999536633 -0.009840688 0.329175860 0.066841021 0.011748705 0.997694492 38.333099365
0.997251868 0.027987026 -0.068596199 -78.585876465 -0.028848968 0.999516428 -0.011607032 0.316493511 0.068238184 0.013554064 0.997576952 39.126609802
0.997086942 0.028427299 -0.070778459 -78.651733398 -0.029213039 0.999522269 -0.010090973 0.296913266 0.070457794 0.012129233 0.997441053 39.962162018
0.996943176 0.026945289 -0.073337279 -78.709915161 -0.027716996 0.999570549 -0.009525293 0.279455751 0.073049128 0.011528865 0.997261703 40.787925720
0.996841729 0.026466714 -0.074875481 -78.775001526 -0.027131816 0.999600828 -0.007879408 0.264121860 0.074637055 0.009886030 0.997161806 41.613128662
0.996777534 0.026135072 -0.075839870 -78.846145630 -0.026506854 0.999640942 -0.003899599 0.248319477 0.075710736 0.005897307 0.997112393 42.434974670
0.996699274 0.025465433 -0.077085435 -78.912628174 -0.025482720 0.999675095 0.000759460 0.235581234 0.077079728 0.001207393 0.997024179 43.305240631
0.996752799 0.025150916 -0.076494984 -78.978698730 -0.025013529 0.999683261 0.002753761 0.223011389 0.076540016 -0.000831409 0.997066200 44.157646179
0.996849954 0.028426724 -0.074041687 -79.055213928 -0.028296024 0.999595582 0.002813801 0.210540697 0.074091733 -0.000709851 0.997251093 45.011985779
0.996977806 0.027948512 -0.072486028 -79.121154785 -0.027897730 0.999609351 0.001713118 0.201877207 0.072505586 0.000314255 0.997367978 45.876304626
0.997145474 0.025670236 -0.071007043 -79.181533813 -0.025779912 0.999667466 -0.000628466 0.189331621 0.070967294 0.002457228 0.997475564 46.736251831
0.997338712 0.021496465 -0.069667719 -79.236221313 -0.021684436 0.999762952 -0.001942926 0.173159391 0.069609448 0.003448461 0.997568369 47.607006073
0.997524917 0.020568734 -0.067238122 -79.306602478 -0.020776171 0.999781430 -0.002387206 0.163207263 0.067174315 0.003778249 0.997734070 48.480350494
0.997624993 0.018261384 -0.066415422 -79.364723206 -0.018288082 0.999832690 0.000206057 0.147693530 0.066408083 0.001009044 0.997792006 49.356964111
0.997746229 0.015928583 -0.065182984 -79.427536011 -0.015810732 0.999872327 0.002323526 0.138795733 0.065211684 -0.001287699 0.997870684 50.233146667
0.997782290 0.015557846 -0.064719044 -79.482452393 -0.015401962 0.999877214 0.002906923 0.119615287 0.064756334 -0.001903675 0.997899413 51.111198425
0.997838438 0.017468194 -0.063351452 -79.543243408 -0.017526487 0.999846339 -0.000364515 0.103318088 0.063335352 0.001474056 0.997991204 51.981472015
0.997848988 0.019839410 -0.062480696 -79.609115601 -0.020238666 0.999778509 -0.005763606 0.081628323 0.062352512 0.007015733 0.998029530 52.838645935
0.997869551 0.021744115 -0.061510149 -79.667823792 -0.022486320 0.999682128 -0.011399907 0.064059317 0.061242715 0.012758757 0.998041332 53.697605133
0.997810662 0.026619460 -0.060540948 -79.734619141 -0.027701821 0.999469697 -0.017109489 0.039791942 0.060053412 0.018749125 0.998019040 54.546962738
0.997881949 0.026631080 -0.059349593 -79.793258667 -0.027733637 0.999456286 -0.017831562 0.010018826 0.058842447 0.019439772 0.998077929 55.399242401
0.997924626 0.023394981 -0.059993077 -79.837539673 -0.024171073 0.999632895 -0.012243387 -0.005626261 0.059684616 0.013668075 0.998123705 56.248947144
0.997904420 0.023260454 -0.060381617 -79.896476746 -0.023503974 0.999718130 -0.003325756 -0.028156176 0.060287248 0.004737996 0.998169780 57.104846954
0.997858584 0.022009134 -0.061594289 -79.951736450 -0.021764347 0.999752283 0.004642437 -0.050645947 0.061681215 -0.003291934 0.998090446 57.958316803
0.997791111 0.019170862 -0.063605152 -80.013847351 -0.019074688 0.999815762 0.002119072 -0.061484769 0.063634060 -0.000901141 0.997972846 58.789592743
0.997774720 0.015085275 -0.064946093 -80.078010559 -0.015180327 0.999884367 -0.000970306 -0.083152167 0.064923942 0.001954051 0.997888327 59.632987976
0.997582495 0.013458237 -0.068176530 -80.129638672 -0.013659187 0.999903619 -0.002482164 -0.102142364 0.068136550 0.003407399 0.997670114 60.448799133
0.997354925 0.015447842 -0.071023852 -80.193885803 -0.015829975 0.999863148 -0.004820618 -0.119699240 0.070939653 0.005932173 0.997462928 61.271888733
0.997101009 0.017019352 -0.074161619 -80.266830444 -0.017664062 0.999811590 -0.008046042 -0.142749667 0.074010722 0.009332712 0.997213721 62.086902618
0.996816933 0.018040661 -0.077656902 -80.346282959 -0.018984245 0.999754429 -0.011429593 -0.161545575 0.077431642 0.012867470 0.996914625 62.899459839
0.996523738 0.019908655 -0.080895491 -80.416992188 -0.021192616 0.999662220 -0.015044279 -0.189628839 0.080568664 0.016706366 0.996609032 63.703411102
0.996167123 0.024463687 -0.083979644 -80.509262085 -0.025827453 0.999550998 -0.015191284 -0.211510062 0.083570309 0.017302040 0.996351659 64.513305664
0.995768845 0.028080752 -0.087498009 -80.590705872 -0.029355485 0.999480307 -0.013315942 -0.233054221 0.087078623 0.015828148 0.996075630 65.317359924
0.995347798 0.031092022 -0.091193564 -80.677551270 -0.031901460 0.999463379 -0.007431436 -0.255335152 0.090913579 0.010306071 0.995805383 66.117774963
0.994955957 0.031544276 -0.095225506 -80.762413025 -0.031833567 0.999492109 -0.001519961 -0.277275652 0.095129184 0.004543667 0.995454550 66.932395935
0.994486988 0.030286744 -0.100391507 -80.843986511 -0.030237632 0.999540746 0.002011194 -0.293905914 0.100406304 0.001035495 0.994945943 67.730369568
0.993822098 0.029848907 -0.106896222 -80.933959961 -0.029693305 0.999554396 0.003047319 -0.305190057 0.106939569 0.000145609 0.994265556 68.520256042
0.993307412 0.027339697 -0.112218149 -81.031936646 -0.026741173 0.999619067 0.006835563 -0.317331076 0.112362280 -0.003788971 0.993660152 69.299911499
0.992468953 0.028736452 -0.119078062 -81.125038147 -0.028167879 0.999582291 0.006455448 -0.327236891 0.119213849 -0.003052655 0.992863834 70.079994202
0.991611183 0.033501264 -0.124839559 -81.237464905 -0.033049446 0.999437511 0.005689020 -0.337749273 0.124959916 -0.001515418 0.992160559 70.850517273
0.990800858 0.035789620 -0.130510822 -81.355339050 -0.035797168 0.999356449 0.002288898 -0.350270987 0.130508736 0.002404076 0.991444170 71.612899780
0.989985049 0.034812167 -0.136812121 -81.464363098 -0.035257049 0.999377906 -0.000829190 -0.357471347 0.136698097 0.005644477 0.990596652 72.368705750
0.989168942 0.036181059 -0.142252818 -81.582183838 -0.036801245 0.999321163 -0.001730378 -0.373368889 0.142093644 0.006946717 0.989828825 73.134765625
0.988468826 0.038112707 -0.146549672 -81.706985474 -0.038048711 0.999270678 0.003240874 -0.380574137 0.146566272 0.002372522 0.989197969 73.901550293
0.987538397 0.038650990 -0.152558178 -81.836830139 -0.037979066 0.999251783 0.007317104 -0.390372217 0.152726814 -0.001431905 0.988267362 74.672485352
0.986555755 0.038173210 -0.158904314 -81.964210510 -0.037081443 0.999264002 0.009831115 -0.408038974 0.159162611 -0.003806543 0.987244964 75.430931091
0.985461891 0.035775408 -0.166086867 -82.095153809 -0.035242755 0.999359846 0.006154060 -0.415625155 0.166200712 -0.000211234 0.986091912 76.177017212
0.984095156 0.033375785 -0.174478248 -82.235763550 -0.034092698 0.999418080 -0.001112425 -0.420588076 0.174339563 0.007043166 0.984660387 76.923492432
0.982501507 0.030770186 -0.183694914 -82.380622864 -0.031832580 0.999489129 -0.002836719 -0.430791169 0.183513775 0.008634563 0.982979238 77.666854858
0.980452716 0.030521132 -0.194373116 -82.532165527 -0.031049818 0.999517739 0.000326868 -0.446558505 0.194289356 0.005714771 0.980927646 78.400558472
0.978146136 0.030597074 -0.205655202 -82.698295593 -0.029953983 0.999531746 0.006240458 -0.451105058 0.205749869 0.000056111 0.978604615 79.146324158
0.975669324 0.031614494 -0.216956154 -82.866485596 -0.029227261 0.999471903 0.014204052 -0.460937023 0.217290550 -0.007517423 0.976078153 79.864181519
0.973115861 0.032312363 -0.228038475 -83.049003601 -0.029049706 0.999422193 0.017650370 -0.467783809 0.228477016 -0.010551404 0.973492146 80.589416504
0.970225573 0.035530981 -0.239582911 -83.243049622 -0.033209894 0.999354124 0.013719473 -0.478866100 0.239915654 -0.005354461 0.970779002 81.308082581
0.967256427 0.035218161 -0.251345724 -83.444717407 -0.035218924 0.999369502 0.004496679 -0.483546376 0.251345605 0.004502683 0.967887044 82.005020142
0.964047253 0.032646477 -0.263717890 -83.648925781 -0.034035720 0.999420345 -0.000699585 -0.480470210 0.263542145 0.009650262 0.964599669 82.713409424
0.960671723 0.031683195 -0.275873154 -83.854034424 -0.031659823 0.999488413 0.004539362 -0.485181272 0.275875866 0.004373258 0.961183250 83.440658569
0.957337677 0.032909483 -0.287091821 -84.080131531 -0.030746486 0.999454618 0.012040664 -0.491896987 0.287331522 -0.002699915 0.957827330 84.163208008
0.953677058 0.032740563 -0.299045354 -84.313903809 -0.028892217 0.999433219 0.017282195 -0.495073795 0.299441606 -0.007841552 0.954082310 84.874031067
0.949615121 0.030389432 -0.311941624 -84.554061890 -0.026949510 0.999519169 0.015333499 -0.495026231 0.312257588 -0.006154249 0.949977458 85.589065552
0.945936382 0.028836062 -0.323067844 -84.808761597 -0.026593605 0.999581814 0.011354087 -0.501629710 0.323260128 -0.002148705 0.946307659 86.285621643
0.942983508 0.024532819 -0.331934214 -85.065063477 -0.024416659 0.999691606 0.004521227 -0.508671641 0.331942797 0.003841282 0.943291724 86.982589722
0.940222740 0.020567646 -0.339938372 -85.321472168 -0.022336982 0.999749660 -0.001292117 -0.514849663 0.339826703 0.008808075 0.940446794 87.686218262
0.937654138 0.020006079 -0.346993446 -85.592018127 -0.022607997 0.999738514 -0.003451468 -0.521304905 0.346833736 0.011081113 0.937861145 88.390647888
0.934620380 0.025773818 -0.354711920 -85.882171631 -0.028729729 0.999582469 -0.003068215 -0.539250493 0.354484737 0.013058394 0.934970617 89.099159241
0.931665778 0.025976334 -0.362386733 -86.163681030 -0.028119871 0.999604404 -0.000640927 -0.554180086 0.362226695 0.010787397 0.932027638 89.790397644
0.928501368 0.026375063 -0.370391190 -86.447158813 -0.026011355 0.999643803 0.005977704 -0.558654547 0.370416850 0.004084069 0.928856611 90.510269165
0.925731778 0.028032426 -0.377140313 -86.736404419 -0.024492329 0.999599457 0.014180047 -0.562503219 0.377386749 -0.003889875 0.926047564 91.220542908
0.923169971 0.038115971 -0.382497609 -87.055480957 -0.032554865 0.999249279 0.021003217 -0.571379900 0.383011013 -0.006937380 0.923717737 91.922225952
0.920580268 0.044872805 -0.387967050 -87.373535156 -0.041087084 0.998992443 0.018052142 -0.572108984 0.388386160 -0.000678012 0.921496451 92.611381531
0.918069601 0.041775782 -0.394211918 -87.659667969 -0.040810768 0.999108076 0.010835288 -0.577176452 0.394312948 0.006140542 0.918955684 93.279701233
0.916109562 0.033405308 -0.399533808 -87.965759277 -0.035081994 0.999379516 0.003117719 -0.574340641 0.399390161 0.011160271 0.916713119 94.010192871
0.914514244 0.033696063 -0.403147876 -88.282470703 -0.035793886 0.999356508 0.002332531 -0.575419903 0.402967095 0.012297099 0.915131867 94.703865051
0.912306964 0.039763987 -0.407571673 -88.617187500 -0.040155083 0.999164581 0.007598657 -0.583672822 0.407533348 0.009433770 0.913141608 95.403289795
0.909842670 0.042667493 -0.412753820 -88.941406250 -0.041300252 0.999071836 0.012237715 -0.591128349 0.412892938 0.005912441 0.910760343 96.098320007
0.907592416 0.039127287 -0.418025315 -89.256607056 -0.038268566 0.999212921 0.010440124 -0.605476379 0.418104827 0.006521853 0.908375382 96.778816223
0.905482769 0.037491906 -0.422723651 -89.607849121 -0.039343946 0.999216259 0.004346217 -0.615225136 0.422555387 0.012696195 0.906248152 97.497528076
0.903288722 0.034858212 -0.427614838 -89.942131042 -0.039589342 0.999213636 -0.002174397 -0.621632695 0.427202791 0.018893098 0.903958380 98.188758850
