1.000000000 0.000000000 0.000000000 0.000000000 0.000000000 1.000000000 0.000000000 0.000000000 0.000000000 0.000000000 1.000000000 0.000000000
0.999979079 0.000418581 -0.006452228 -0.008487649 -0.000416050 0.999999821 0.000393572 -0.001874632 0.006452392 -0.000390879 0.999979079 0.091634080
0.999907374 0.000932793 -0.013578187 -0.016402550 -0.000931136 0.999999583 0.000128329 -0.001553429 0.013578300 -0.000115674 0.999907792 0.188372627
0.999772549 0.001386585 -0.021281920 -0.026092490 -0.001398994 0.999998868 -0.000568202 -0.001997398 0.021281108 0.000597846 0.999773324 0.285332799
0.999541998 0.001726330 -0.030213090 -0.043031991 -0.001786777 0.999996483 -0.001973792 -0.001975772 0.030209575 0.002026872 0.999541521 0.390431255
0.999125481 0.001925827 -0.041768190 -0.058857508 -0.002070415 0.999992013 -0.003418695 -0.005065682 0.041761272 0.003502183 0.999121487 0.500864863
0.998478949 0.001735784 -0.055107359 -0.084077179 -0.001961082 0.999989927 -0.004034547 -0.008044925 0.055099800 0.004136480 0.998472273 0.625770807
0.997427940 0.001862711 -0.071651995 -0.108563691 -0.002189049 0.999987602 -0.004476232 -0.003495274 0.071642764 0.004621569 0.997419655 0.760916412
0.995904803 0.000235721 -0.090407476 -0.134757802 -0.000616273 0.999991059 -0.004181411 -0.009050806 0.090405680 0.004220003 0.995896101 0.916112959
0.993912876 -0.000743902 -0.110166401 -0.175961211 0.000264518 0.999990463 -0.004365999 -0.012599418 0.110168591 0.004310282 0.993903577 1.075348496
0.991243005 -0.000867382 -0.132047132 -0.215736240 0.000243577 0.999988675 -0.004740189 -0.012673330 0.132049739 0.004666516 0.991232097 1.223160863
0.987726808 0.002698893 -0.156168163 -0.270339042 -0.003689144 0.999974906 -0.006051435 -0.017817080 0.156147942 0.006553291 0.987711966 1.391572833
0.983342230 0.007079841 -0.181625932 -0.336673677 -0.008562801 0.999936104 -0.007382074 -0.024839766 0.181562066 0.008814331 0.983340085 1.566296101
0.977951229 0.009999106 -0.208594099 -0.409420133 -0.012041011 0.999891222 -0.008521351 -0.027562991 0.208486229 0.010845149 0.977965236 1.747637391
0.971259356 0.010721881 -0.237782061 -0.488297015 -0.013201676 0.999873877 -0.008838865 -0.028654672 0.237657309 0.011723951 0.971278310 1.933793545
0.963204026 0.012453063 -0.268483043 -0.577793121 -0.015228615 0.999850035 -0.008257758 -0.033537529 0.268339932 0.012042528 0.963249028 2.130165577
0.953792751 0.014546213 -0.300112963 -0.668746889 -0.017548995 0.999819279 -0.007312318 -0.035279706 0.299952418 0.012241120 0.953875661 2.307156563
0.942513645 0.016336320 -0.333768219 -0.768185616 -0.019540086 0.999789596 -0.006243594 -0.035534680 0.333595991 0.012406534 0.942634463 2.496371984
0.929974079 0.018481707 -0.367160112 -0.870939970 -0.022052582 0.999741554 -0.005532741 -0.041100986 0.366962969 0.013242135 0.930141330 2.675374508
0.916137636 0.021441443 -0.400289983 -0.995262563 -0.025556467 0.999661088 -0.004944076 -0.041136712 0.400048375 0.014759454 0.916375160 2.859914303
0.900070310 0.022211483 -0.435178220 -1.108351946 -0.026716793 0.999634027 -0.004236510 -0.042656869 0.434924871 0.015439724 0.900334299 3.029666185
0.881676614 0.018093346 -0.471507013 -1.230531454 -0.022982551 0.999725223 -0.004612453 -0.046410266 0.471294045 0.014903128 0.881850243 3.203720093
0.860450208 0.013544114 -0.509354532 -1.368010879 -0.018579114 0.999815881 -0.004799766 -0.051174760 0.509195745 0.013593314 0.860543430 3.383016586
0.835378706 0.015155909 -0.549465835 -1.529292583 -0.019194385 0.999814510 -0.001604258 -0.054503400 0.549339652 0.011886822 0.835514665 3.564152718
0.806259513 0.020928834 -0.591191649 -1.705396533 -0.023989873 0.999708652 0.002673700 -0.062992074 0.591075361 0.012026918 0.806526721 3.724819660
0.773765326 0.024026180 -0.633016586 -1.906761408 -0.027343025 0.999615967 0.004517843 -0.064695142 0.632881999 0.013812839 0.774125159 3.895507812
0.737764895 0.022675490 -0.674676776 -2.117306471 -0.025959043 0.999649525 0.005211189 -0.065780461 0.674558401 0.013669334 0.738094926 4.066952229
0.697743773 0.018562738 -0.716106772 -2.334002495 -0.020054912 0.999778509 0.006375359 -0.065517463 0.716066599 0.009913092 0.697961628 4.234093666
0.654682159 0.014636359 -0.755762577 -2.572743416 -0.014502070 0.999871731 0.006801387 -0.063101888 0.755765200 0.006507378 0.654810369 4.400013924
0.610389352 0.014185308 -0.791974545 -2.833478212 -0.011756023 0.999891758 0.008848797 -0.062433127 0.792014301 0.003909260 0.610490024 4.542116165
0.562156439 0.014714284 -0.826900065 -3.110651016 -0.009294262 0.999890983 0.011473998 -0.059243456 0.826978743 0.001235244 0.562231958 4.679192543
0.510843873 0.015137351 -0.859540224 -3.407396317 -0.007529356 0.999885380 0.013134103 -0.052892856 0.859640539 -0.000237692 0.510899365 4.807135582
0.458490968 0.016547615 -0.888544977 -3.710931778 -0.007173078 0.999862969 0.014919399 -0.044967264 0.888670146 -0.000466806 0.458546847 4.905384064
0.403654754 0.018780259 -0.914718568 -4.042971611 -0.005806429 0.999821723 0.017965222 -0.042741582 0.914893031 -0.001940498 0.403691888 5.003078461
0.348031968 0.020682374 -0.937254429 -4.398733616 -0.005536762 0.999784529 0.020006252 -0.035789907 0.937466383 -0.001773460 0.348071456 5.090216637
0.292627513 0.023926109 -0.955927134 -4.775061607 -0.003013493 0.999705017 0.024099350 -0.032021075 0.956221819 -0.004171453 0.292613268 5.164536953
0.239107028 0.025581179 -0.970656097 -5.124037743 0.001812182 0.999639511 0.026791422 -0.032971829 0.970991552 -0.008165024 0.238974437 5.218972206
0.188180268 0.025901988 -0.981792867 -5.510098457 0.003873153 0.999624789 0.027114805 -0.026852593 0.982126892 -0.008905105 0.188009381 5.252665520
0.140616804 0.027070435 -0.989693880 -5.927670479 0.001580828 0.999618709 0.027566507 -0.020363793 0.990062833 -0.005440851 0.140520394 5.273416042
0.098193765 0.027438972 -0.994789004 -6.354600906 0.000312807 0.999618828 0.027603075 -0.011233702 0.995167255 -0.003021626 0.098147780 5.274374008
0.060330063 0.025994508 -0.997839928 -6.792481422 -0.001291307 0.999661982 0.025963899 -0.003501475 0.998177648 -0.000277886 0.060343236 5.263356686
0.025808467 0.023105880 -0.999399841 -7.255073071 0.000146681 0.999732673 0.023117367 0.005140260 0.999666870 -0.000743217 0.025798179 5.260235786
-0.005326042 0.020444766 -0.999776840 -7.730118752 0.000523965 0.999790847 0.020442264 0.009330720 0.999985635 -0.000414972 -0.005335638 5.230051994
-0.032150567 0.018556168 -0.999310672 -8.220324516 0.000046705 0.999827683 0.018564261 0.016526282 0.999483049 0.000550179 -0.032145895 5.192537308
-0.052647240 0.016081817 -0.998483598 -8.731183052 -0.001216796 0.999868453 0.016168283 0.028259866 0.998612463 0.002066166 -0.052620754 5.142281055
-0.069188260 0.015115832 -0.997489095 -9.245781898 0.000145698 0.999885261 0.015142038 0.039480202 0.997603595 0.000902319 -0.069182530 5.102960110
-0.082208641 0.015434043 -0.996495605 -9.783873558 0.000385712 0.999880433 0.015454649 0.047475889 0.996615052 0.000886145 -0.082204759 5.047381401
-0.091783524 0.016968610 -0.995634377 -10.339648247 0.000213544 0.999855042 0.017020857 0.048512392 0.995778978 0.001349622 -0.091773853 4.987418652
-0.098780826 0.018163184 -0.994943440 -10.909053802 -0.001558446 0.999829233 0.018407105 0.046926379 0.995108008 0.003368834 -0.098735660 4.925830364
-0.103102013 0.019119633 -0.994487047 -11.502491951 -0.001401507 0.999811411 0.019367300 0.053761855 0.994669795 0.003390588 -0.103055775 4.854277611
-0.104503296 0.019833513 -0.994326830 -12.109957695 0.000749962 0.999802411 0.019863917 0.064996928 0.994524300 0.001330136 -0.104497507 4.788954258
-0.103693768 0.022146663 -0.994362712 -12.723024368 0.002585449 0.999754608 0.021997143 0.067317933 0.994605899 -0.000289908 -0.103725590 4.731285572
-0.102225900 0.024354629 -0.994463027 -13.383688927 0.001717706 0.999703050 0.024306390 0.079679117 0.994759679 0.000776547 -0.102237359 4.660843849
-0.100610524 0.024433933 -0.994625866 -14.037717819 -0.000540423 0.999696910 0.024613177 0.085442305 0.994925737 0.003013863 -0.100566812 4.589708328
-0.098796070 0.022027891 -0.994863987 -14.702094078 -0.001916353 0.999748886 0.022326361 0.095640510 0.995105922 0.004112266 -0.098729059 4.518741131
-0.097548261 0.021648206 -0.994995236 -15.381917000 -0.002680344 0.999754131 0.022014517 0.107721850 0.995227158 0.004814407 -0.097466245 4.448128700
-0.095891818 0.024363693 -0.995093524 -16.074329376 -0.002176978 0.999692976 0.024686083 0.119868636 0.995389402 0.004533489 -0.095809333 4.383077621
-0.094008252 0.027866697 -0.995181382 -16.795475006 -0.003258762 0.999594152 0.028298102 0.130613685 0.995566010 0.005903314 -0.093879297 4.311844349
-0.092279896 0.029935116 -0.995283008 -17.523897171 -0.003239944 0.999533594 0.030363362 0.141855001 0.995727897 0.006026590 -0.092139885 4.239412308
-0.090528585 0.029140299 -0.995467365 -18.262081146 -0.005420672 0.999542534 0.029752553 0.157243878 0.995879173 0.008089558 -0.090329230 4.164227486
-0.088555746 0.026375715 -0.995721936 -19.021753311 -0.008104750 0.999597132 0.027199170 0.165223330 0.996038258 0.010478719 -0.088306285 4.089240074
-0.087054007 0.025849449 -0.995868087 -19.795860291 -0.008933303 0.999602854 0.026727293 0.180686027 0.996163487 0.011223109 -0.086788490 4.015073299
-0.085509792 0.027919887 -0.995945990 -20.575841904 -0.006561355 0.999569893 0.028584816 0.197677165 0.996315777 0.008979038 -0.085289814 3.945567608
-0.084654242 0.030219002 -0.995952010 -21.374923706 -0.004482379 0.999518394 0.030708205 0.208447397 0.996400356 0.007063815 -0.084478013 3.882700205
-0.082855560 0.031774756 -0.996054828 -22.165906906 -0.003712204 0.999474764 0.032192647 0.224209279 0.996554673 0.006364897 -0.082694069 3.798686028
-0.082274504 0.027147556 -0.996239901 -22.966709137 -0.004052436 0.999611497 0.027574101 0.233572870 0.996601462 0.006305844 -0.082132548 3.742013931
-0.081863701 0.020418633 -0.996434331 -23.774940491 -0.002751006 0.999781609 0.020713236 0.240994200 0.996639729 0.004436858 -0.081789680 3.671995640
-0.082199231 0.015849927 -0.996489823 -24.598196030 0.000675025 0.999874175 0.015848072 0.251368880 0.996615708 0.000630043 -0.082199581 3.608350754
-0.082799196 0.016306685 -0.996432841 -25.430412292 0.001518007 0.999867141 0.016236741 0.264396191 0.996565163 -0.000168202 -0.082812943 3.536950111
-0.082907103 0.023924004 -0.996270061 -26.279758453 0.000767092 0.999713063 0.023942841 0.267672151 0.996556997 0.001220801 -0.082901664 3.460946321
-0.083184756 0.030914575 -0.996054471 -27.109922409 -0.000629239 0.999516845 0.031074585 0.278959155 0.996533930 0.003211688 -0.083125107 3.394215345
-0.083571471 0.036470816 -0.995834172 -27.954412460 -0.002529400 0.999319077 0.036810711 0.289159060 0.996498525 0.005595188 -0.083422311 3.316421747
-0.083786882 0.037046395 -0.995794833 -28.795774460 -0.004279476 0.999286056 0.037536357 0.297998905 0.996474445 0.007406534 -0.083568528 3.235197306
-0.084307715 0.033166740 -0.995887637 -29.630784988 -0.004385577 0.999423802 0.033655778 0.315592706 0.996430159 0.007204982 -0.084113687 3.164148331
-0.084141038 0.030234687 -0.995995104 -30.470003128 -0.004152021 0.999520242 0.030692458 0.336074710 0.996445239 0.006717888 -0.083975129 3.077147245
-0.084457330 0.031734962 -0.995921612 -31.302299500 -0.005816054 0.999459982 0.032340933 0.346915007 0.996410072 0.008523763 -0.084227175 3.004752159
-0.084713727 0.034121219 -0.995820940 -32.143924713 -0.006722270 0.999371231 0.034814719 0.356700659 0.996382594 0.009643462 -0.084431089 2.934475422
-0.084329732 0.032705534 -0.995901048 -32.967155457 -0.007921510 0.999407530 0.033491455 0.363313138 0.996406376 0.010713366 -0.084020704 2.854567766
-0.084191166 0.027520014 -0.996069610 -33.787410736 -0.008490548 0.999562442 0.028334167 0.377436519 0.996413469 0.010842663 -0.083920665 2.785252094
-0.083801977 0.023285950 -0.996210337 -34.620956421 -0.010004126 0.999656856 0.024208065 0.389503211 0.996432126 0.011994898 -0.083540276 2.703287363
-0.083173245 0.024090325 -0.996243834 -35.451427460 -0.009903075 0.999638438 0.024999181 0.394270390 0.996485829 0.011945141 -0.082904600 2.632029295
-0.082716018 0.026665252 -0.996216416 -36.281387329 -0.008615189 0.999585450 0.027470754 0.400085270 0.996535897 0.010854864 -0.082451992 2.563030243
-0.082206123 0.031576436 -0.996115029 -37.125583649 -0.008178864 0.999442995 0.032356907 0.411327064 0.996581733 0.010807023 -0.081902064 2.484899521
-0.081615627 0.037198305 -0.995969415 -37.960773468 -0.007973264 0.999246955 0.037974089 0.425691485 0.996631861 0.011040409 -0.081257574 2.417044640
-0.081726618 0.040088680 -0.995848238 -38.793785095 -0.008332536 0.999128342 0.040904552 0.445426583 0.996619880 0.011640931 -0.081321329 2.344013691
-0.081544437 0.039975926 -0.995867729 -39.625232697 -0.007792770 0.999139130 0.040745351 0.464894056 0.996639252 0.011083124 -0.081162713 2.273888588
-0.081421524 0.035698552 -0.996040344 -40.446842194 -0.007927731 0.999303579 0.036463562 0.482718289 0.996648133 0.010865260 -0.081081823 2.203825712
-0.080871642 0.031405915 -0.996229649 -41.278190613 -0.008880617 0.999441147 0.032228056 0.496636212 0.996684909 0.011453473 -0.080547534 2.121855021
-0.080518231 0.028784126 -0.996337473 -42.105312347 -0.013225091 0.999464035 0.029943235 0.506956398 0.996665418 0.015587628 -0.080094427 2.037883282
-0.081009828 0.027044784 -0.996346235 -42.921360016 -0.016645700 0.999455631 0.028482599 0.515044212 0.996574283 0.018892249 -0.080515549 1.969021320
-0.081887245 0.025043720 -0.996326864 -43.738998413 -0.014515962 0.999548137 0.026317747 0.524020433 0.996535838 0.016617730 -0.081486732 1.901586294
-0.082891360 0.021711841 -0.996321976 -44.569072723 -0.011403603 0.999676466 0.022733692 0.524503112 0.996493280 0.013246085 -0.082616970 1.830067873
-0.083706461 0.019901574 -0.996291697 -45.382472992 -0.006655823 0.999767125 0.020530209 0.539458811 0.996468186 0.008349651 -0.083554506 1.764682055
-0.085389778 0.023439694 -0.996071815 -46.200111389 -0.006601999 0.999688029 0.024090756 0.543423951 0.996325731 0.008633167 -0.085208379 1.683798790
-0.086857721 0.029706927 -0.995777667 -47.032123566 -0.004884780 0.999530673 0.030244965 0.545512557 0.996208668 0.007491164 -0.086671844 1.603192329
-0.088967361 0.033573177 -0.995468557 -47.843204498 -0.002702353 0.999419928 0.033947963 0.553709865 0.996030986 0.005710367 -0.088825010 1.548811436
-0.090341106 0.032653283 -0.995375395 -48.653091431 -0.002725452 0.999450505 0.033034332 0.564134479 0.995907187 0.005697206 -0.090202466 1.469338417
-0.091444381 0.028630223 -0.995398581 -49.446384430 -0.005976574 0.999552786 0.029298766 0.574218690 0.995792210 0.008628280 -0.091232389 1.387327194
-0.092475489 0.024944536 -0.995402515 -50.235576630 -0.011040023 0.999598980 0.026075352 0.579592288 0.995653808 0.013400597 -0.092163011 1.293945789
-0.094255276 0.023498856 -0.995270669 -51.040325165 -0.015220486 0.999570549 0.025041809 0.589003682 0.995431602 0.017508827 -0.093857117 1.211459637
-0.094876088 0.024737349 -0.995181680 -51.820552826 -0.016986733 0.999505341 0.026464263 0.591599524 0.995344162 0.019415710 -0.094408959 1.130307674
-0.095944762 0.026326291 -0.995038390 -52.607845306 -0.016942222 0.999462128 0.028076950 0.598098516 0.995242417 0.019552000 -0.095447123 1.050413132
-0.096830539 0.025833067 -0.994965494 -53.390670776 -0.018759461 0.999438167 0.027774865 0.604339421 0.995124221 0.021354470 -0.096291512 0.966801643
-0.097259216 0.025691835 -0.994927347 -54.167861938 -0.019468257 0.999426425 0.027711123 0.611604631 0.995068669 0.022064665 -0.096703261 0.882908821
-0.098020874 0.027569724 -0.994802356 -54.943141937 -0.017838756 0.999406934 0.029455042 0.619057119 0.995024383 0.020633249 -0.097470917 0.806889534
-0.098228216 0.030232970 -0.994704545 -55.712337494 -0.017298179 0.999335587 0.032081936 0.630923748 0.995013535 0.020357929 -0.097639970 0.731118202
-0.098672971 0.034677729 -0.994515538 -56.494258881 -0.016752224 0.999193132 0.036502939 0.638852835 0.994978905 0.020262204 -0.098012440 0.650504589
-0.099195704 0.036671292 -0.994391978 -57.257240295 -0.017257875 0.999107003 0.038566738 0.652112722 0.994918406 0.020986747 -0.098474234 0.572802067
-0.099872105 0.036689028 -0.994323611 -58.010848999 -0.016721420 0.999116957 0.038545430 0.663121343 0.994859755 0.020476114 -0.099170431 0.493003368
-0.100278318 0.034974273 -0.994344532 -58.750629425 -0.016164625 0.999192834 0.036774982 0.670306921 0.994828105 0.019760940 -0.099632032 0.417540550
-0.100327633 0.031300507 -0.994461954 -59.485313416 -0.015599881 0.999332666 0.033027627 0.686828852 0.994832158 0.018827073 -0.099772409 0.337115765
-0.100028947 0.028326839 -0.994581223 -60.216991425 -0.016226299 0.999415278 0.030096466 0.693631649 0.994852185 0.019148890 -0.099510819 0.256267548
-0.099135637 0.025874272 -0.994737446 -60.923217773 -0.016555419 0.999480605 0.027647562 0.703552127 0.994936228 0.019209156 -0.098655790 0.187201023
-0.096729897 0.025173204 -0.994992316 -61.617214203 -0.019402431 0.999442458 0.027172035 0.706339002 0.995121539 0.021933613 -0.096187547 0.111496449
-0.092189424 0.025982643 -0.995402396 -62.309566498 -0.019300066 0.999424994 0.027875125 0.713444710 0.995554388 0.021781122 -0.091634952 0.038374901
-0.086369172 0.027911048 -0.995872200 -62.967605591 -0.019210752 0.999374926 0.029675316 0.712960362 0.996077955 0.021694483 -0.085779004 -0.018411160
-0.079407774 0.029415006 -0.996408105 -63.621860504 -0.018126542 0.999356687 0.030946629 0.720757127 0.996677339 0.020518834 -0.078823484 -0.063636303
-0.070505872 0.030523185 -0.997044146 -64.259033203 -0.019327099 0.999302387 0.031959023 0.726906896 0.997324109 0.021523265 -0.069866717 -0.109920502
-0.058561794 0.032354396 -0.997759402 -64.882331848 -0.021260401 0.999207616 0.033649199 0.733638287 0.998057365 0.023183320 -0.057827506 -0.150951862
-0.043639936 0.033687331 -0.998479187 -65.488059998 -0.024446882 0.999096036 0.034776628 0.742245317 0.998748124 0.025927350 -0.042776935 -0.179169416
-0.025333241 0.035069712 -0.999063671 -66.081802368 -0.025567606 0.999034762 0.035717010 0.749043465 0.999352098 0.026448488 -0.024412125 -0.189168572
-0.003319971 0.035369538 -0.999368787 -66.649070740 -0.026508978 0.999019980 0.035445251 0.767929435 0.999643087 0.026609920 -0.002379112 -0.174635097
0.022161843 0.035940535 -0.999108195 -67.175201416 -0.026120650 0.999033391 0.035358440 0.768911362 0.999413133 0.025313746 0.023079205 -0.150121927
0.051570043 0.035313904 -0.998044789 -67.699501038 -0.024771826 0.999112308 0.034071691 0.777285814 0.998362124 0.022966312 0.052399050 -0.105655909
0.085755780 0.034886200 -0.995705247 -68.209274292 -0.023394441 0.999181807 0.032993149 0.788862705 0.996041477 0.020464610 0.086501747 -0.039636135
0.123206273 0.035068467 -0.991761327 -68.682426453 -0.023044158 0.999207020 0.032468978 0.796298265 0.992113531 0.018853921 0.123916686 0.048018456
0.164475411 0.035261773 -0.985750735 -69.128807068 -0.022713568 0.999231219 0.031954162 0.792049408 0.986119628 0.017134244 0.165149897 0.137764931
0.209725335 0.036461283 -0.977080286 -69.553886414 -0.022343297 0.999222219 0.032491665 0.796568513 0.977505028 0.015016867 0.210376903 0.247594833
0.257625103 0.034663580 -0.965623081 -69.986007690 -0.018385991 0.999351144 0.030969020 0.798099756 0.966069996 0.009775540 0.258095264 0.408926010
0.307164699 0.030127220 -0.951179445 -70.382431030 -0.010700599 0.999544919 0.028203581 0.791098595 0.951596200 0.001515043 0.307347298 0.588178635
0.358584553 0.025316009 -0.933153927 -70.753044128 -0.005819174 0.999673307 0.024884509 0.787349105 0.933479130 -0.003493016 0.358614713 0.768690109
0.410740077 0.020547172 -0.911520958 -71.134025574 -0.001014394 0.999755621 0.022079034 0.794876456 0.911751986 -0.008144105 0.410660625 0.985481262
0.461850315 0.020036358 -0.886731565 -71.511749268 -0.001120095 0.999757171 0.022006858 0.802702665 0.886957169 -0.009170654 0.461760670 1.221950531
0.510631442 0.018872157 -0.859592557 -71.887535095 0.000590953 0.999751031 0.022300353 0.806889474 0.859799623 -0.011895241 0.510493159 1.474266052
0.555251300 0.014220230 -0.831561029 -72.239898682 0.008600505 0.999702215 0.022838298 0.816088498 0.831638217 -0.019832840 0.554963648 1.769546509
0.599030793 0.007486169 -0.800691068 -72.560714722 0.019198168 0.999534488 0.023708245 0.817298293 0.800495803 -0.029573770 0.598608196 2.073261261
0.641420305 0.003301669 -0.767182589 -72.841857910 0.020214817 0.999570787 0.021202840 0.807708025 0.766923308 -0.029108390 0.641078293 2.369785309
0.682643235 -0.001653733 -0.730750024 -73.145080566 0.017746972 0.999740005 0.014316177 0.810437977 0.730536401 -0.022741439 0.682494998 2.691497803
0.723759651 -0.008474847 -0.690000117 -73.433242798 0.014265411 0.999894619 0.002682278 0.815322340 0.689904749 -0.011784459 0.723804295 3.026939392
0.762994230 -0.011636916 -0.646300435 -73.704940796 0.010096056 0.999930441 -0.006085211 0.822608709 0.646326303 -0.001882108 0.763058722 3.392421722
0.799888372 -0.011212558 -0.600044072 -73.936462402 0.007717128 0.999934971 -0.008397690 0.809382915 0.600099206 0.002086598 0.799922824 3.764152527
0.833898902 -0.012638984 -0.551772475 -74.170104980 0.008428643 0.999912739 -0.010165866 0.804093719 0.551852942 0.003826611 0.833932638 4.188880920
0.864560902 -0.011284451 -0.502401292 -74.395462036 0.005826452 0.999905765 -0.012432420 0.798932791 0.502494156 0.007821365 0.864545107 4.634351730
0.890340745 -0.009846388 -0.455188394 -74.596290588 0.005329314 0.999923050 -0.011205750 0.784273028 0.455263734 0.007551093 0.890324533 5.107206345
0.911716580 -0.003982510 -0.410800517 -74.794799805 -0.000108753 0.999950647 -0.009935398 0.772418141 0.410819829 0.009102943 0.911671042 5.601297379
0.929565609 0.001606997 -0.368653178 -75.002777100 -0.006424914 0.999909222 -0.011841832 0.764337122 0.368600726 0.013376324 0.929491520 6.114408493
0.943086386 0.006405454 -0.332486063 -75.174354553 -0.010483862 0.999890149 -0.010473940 0.757256150 0.332382411 0.013363565 0.943050027 6.653123856
0.953281879 0.007297168 -0.301993936 -75.341964722 -0.010394209 0.999908566 -0.008649553 0.744914055 0.301903188 0.011384452 0.953270555 7.211784363
0.960492313 0.006285496 -0.278235614 -75.482864380 -0.008685095 0.999934852 -0.007392583 0.734860480 0.278171062 0.009517021 0.960484385 7.789228439
0.966493070 0.007044809 -0.256595999 -75.649238586 -0.008708442 0.999947786 -0.005347735 0.725832999 0.256544918 0.007403099 0.966503978 8.380802155
0.971178234 0.009335798 -0.238171309 -75.795318604 -0.010271133 0.999943554 -0.002686425 0.716920495 0.238132775 0.005055286 0.971219540 8.994626999
0.974754333 0.014439344 -0.222812653 -75.941139221 -0.015058685 0.999886036 -0.001080815 0.708519280 0.222771659 0.004408795 0.974860668 9.625846863
0.977573216 0.018134536 -0.209813610 -76.076141357 -0.018480666 0.999829173 0.000310925 0.697892547 0.209783405 0.003573543 0.977741301 10.270509720
0.980339408 0.016403563 -0.196635991 -76.206146240 -0.016767638 0.999859393 -0.000186731 0.693996131 0.196605220 0.003480181 0.980476618 10.933601379
0.983025849 0.017599013 -0.182621121 -76.341491699 -0.017972182 0.999838412 -0.000388525 0.678698480 0.182584763 0.003664031 0.983183265 11.622486115
0.985592604 0.018195318 -0.168155000 -76.456298828 -0.018440897 0.999829948 0.000101188 0.674391687 0.168128207 0.003001198 0.985760510 12.322018623
0.987880945 0.019429307 -0.153992996 -76.568084717 -0.019591779 0.999807894 0.000462580 0.669457436 0.153972417 0.002560023 0.988071859 13.034008980
0.989833713 0.020161981 -0.140793532 -76.677848816 -0.020673910 0.999783874 -0.002174144 0.653326452 0.140719265 0.005062794 0.990036607 13.751444817
0.991250277 0.020606713 -0.130376995 -76.764739990 -0.021695200 0.999740660 -0.006933779 0.632831633 0.130200267 0.009701665 0.991440237 14.490775108
0.992471695 0.018676801 -0.121041983 -76.848243713 -0.020478789 0.999696970 -0.013660364 0.625688195 0.120750159 0.016036313 0.992553413 15.243228912
0.993454993 0.018471519 -0.112721376 -76.932945251 -0.020175058 0.999698520 -0.013990757 0.616859078 0.112428971 0.016173346 0.993528128 16.001251221
0.994169891 0.020282220 -0.105900601 -77.019256592 -0.021199139 0.999746799 -0.007539683 0.596703768 0.105720870 0.009740726 0.994348168 16.767757416
0.994597435 0.025038499 -0.100742571 -77.110702515 -0.025081724 0.999685049 0.000837750 0.576362073 0.100731820 0.001693574 0.994912148 17.550544739
0.995007098 0.025243169 -0.096559003 -77.192581177 -0.024930170 0.999679327 0.004446791 0.568414330 0.096640289 -0.002017356 0.995317280 18.326961517
0.995363176 0.024478156 -0.093021169 -77.270095825 -0.024248935 0.999699473 0.003593869 0.547885120 0.093081184 -0.001321541 0.995657623 19.101203918
0.995682240 0.024360487 -0.089573592 -77.346061707 -0.024212567 0.999703109 0.002737794 0.536329389 0.089613684 -0.000557167 0.995976388 19.863573074
0.995965123 0.022884473 -0.086774454 -77.411552429 -0.022519769 0.999732912 0.005179632 0.525174737 0.086869806 -0.003204592 0.996214509 20.635326385
0.996213377 0.020720400 -0.084435865 -77.483985901 -0.020162612 0.999768913 0.007453523 0.516443133 0.084570795 -0.005722851 0.996401072 21.419431686
0.996500313 0.018070420 -0.081613541 -77.545524597 -0.017373744 0.999806345 0.009238408 0.510377467 0.081764683 -0.007788143 0.996621251 22.181091309
0.996730149 0.017269682 -0.078935422 -77.604698181 -0.016896917 0.999842703 0.005387955 0.499652356 0.079016037 -0.004036572 0.996865153 22.936277390
0.996823192 0.019956902 -0.077105477 -77.672760010 -0.020170588 0.999794543 -0.001993459 0.490165651 0.077049851 0.003542389 0.997020960 23.688934326
0.996923983 0.021179950 -0.075458691 -77.732101440 -0.021935344 0.999717057 -0.009195901 0.468725532 0.075242579 0.010822827 0.997106433 24.434181213
0.996985018 0.021698823 -0.074498400 -77.787300110 -0.022746071 0.999653637 -0.013237707 0.453787357 0.074185342 0.014892340 0.997133255 25.186483383
0.997128069 0.023460921 -0.072008461 -77.856651306 -0.024370156 0.999633670 -0.011774234 0.433479726 0.071705848 0.013495276 0.997334540 25.947957993
0.997234285 0.026728172 -0.069349408 -77.921852112 -0.027331263 0.999596417 -0.007762045 0.412004411 0.069113955 0.009635985 0.997562349 26.709020615
0.997304976 0.029787268 -0.067046769 -77.982055664 -0.030028705 0.999545634 -0.002595886 0.394658864 0.066938981 0.004602216 0.997746408 27.464694977
0.997521937 0.027849700 -0.064609826 -78.031318665 -0.027934765 0.999609649 -0.000413418 0.374290735 0.064573072 0.002217254 0.997910500 28.211771011
0.997694314 0.025153089 -0.063034698 -78.082427979 -0.025216147 0.999682009 -0.000204894 0.357715577 0.063009478 0.001793914 0.998011231 28.965162277
0.997803688 0.023651924 -0.061874267 -78.130424500 -0.023715202 0.999718666 -0.000288412 0.341558307 0.061850041 0.001755139 0.998083889 29.714504242
0.997858584 0.023426967 -0.061070558 -78.177841187 -0.023613019 0.999718428 -0.002326514 0.330623895 0.060998861 0.003763592 0.998130739 30.456130981
0.997970462 0.020888148 -0.060154248 -78.229766846 -0.021156823 0.999768794 -0.003832954 0.320138037 0.060060270 0.005097849 0.998181701 31.219400406
0.998015881 0.019897524 -0.059736822 -78.275444031 -0.020157291 0.999789774 -0.003748982 0.305795610 0.059649672 0.004945676 0.998207092 31.981018066
0.998005986 0.023221716 -0.058692098 -78.332870483 -0.023424178 0.999721825 -0.002763833 0.293059528 0.058611590 0.004133136 0.998272359 32.752708435
0.998024940 0.023220036 -0.058369167 -78.387092590 -0.023476100 0.999717474 -0.003704986 0.281133413 0.058266647 0.005067949 0.998288214 33.525913239
0.997934818 0.022744669 -0.060074028 -78.439735413 -0.022995155 0.999729514 -0.003481543 0.262862623 0.059978589 0.004855765 0.998187900 34.300750732
0.997864127 0.020549335 -0.062007491 -78.488182068 -0.020762192 0.999780536 -0.002790348 0.244453698 0.061936542 0.004071799 0.998071790 35.065940857
0.997621238 0.022359103 -0.065207124 -78.544754028 -0.022605291 0.999739826 -0.003040035 0.233377054 0.065122195 0.004506830 0.997867107 35.849819183
0.997341394 0.026021715 -0.068066657 -78.610778809 -0.026282987 0.999650180 -0.002945638 0.215049028 0.067966186 0.004726802 0.997676492 36.639831543
0.997178555 0.026465455 -0.070246786 -78.685806274 -0.027086670 0.999601781 -0.007905403 0.200457245 0.070009589 0.009785850 0.997498333 37.439899445
0.996959925 0.027501507 -0.072902396 -78.746253967 -0.028431786 0.999526620 -0.011753529 0.192883193 0.072544627 0.013790541 0.997269809 38.244647980
0.996884167 0.026734957 -0.074211009 -78.821311951 -0.027778257 0.999528766 -0.013061967 0.172196150 0.073826835 0.015082719 0.997156978 39.051719666
0.996732831 0.027763870 -0.075847514 -78.900131226 -0.028692808 0.999525666 -0.011185093 0.145548522 0.075500973 0.013324827 0.997056663 39.865444183
0.996537983 0.025543232 -0.079116061 -78.955047607 -0.026531024 0.999582291 -0.011459341 0.137327254 0.078790307 0.013518701 0.996799529 40.695091248
0.996381998 0.025229489 -0.081155956 -79.023269653 -0.026091257 0.999613702 -0.009575590 0.119884849 0.080883011 0.011658406 0.996655464 41.526611328
0.996308863 0.024316514 -0.082324885 -79.096748352 -0.024850782 0.999676228 -0.005471162 0.097349435 0.082165211 0.007496804 0.996590495 42.360610962
0.996257007 0.023682235 -0.083133079 -79.170310974 -0.023836216 0.999715507 -0.000860065 0.085506909 0.083089069 0.002838424 0.996538103 43.212974548
0.996288419 0.023339767 -0.082853109 -79.239822388 -0.023326430 0.999727368 0.001129076 0.071377873 0.082856871 0.000807783 0.996561050 44.071144104
0.996369362 0.027026497 -0.080732405 -79.315933228 -0.027012082 0.999634326 0.001270884 0.056540512 0.080737218 0.000914480 0.996735036 44.921432495
0.996557653 0.026073195 -0.078695118 -79.392829895 -0.026111204 0.999658883 0.000546171 0.041841839 0.078682505 0.001510534 0.996898592 45.774280548
0.996703207 0.023683207 -0.077599756 -79.455383301 -0.023917761 0.999711752 -0.002094427 0.030368336 0.077527776 0.003943535 0.996982396 46.637874603
0.996901631 0.019741161 -0.076139584 -79.512725830 -0.020066395 0.999792516 -0.003508870 0.013656124 0.076054513 0.005025846 0.997091055 47.504940033
0.997101724 0.018631080 -0.073763400 -79.587806702 -0.018958999 0.999813259 -0.003747811 0.003190339 0.073679812 0.005135430 0.997268736 48.377410889
0.997207582 0.016190240 -0.072903961 -79.651664734 -0.016300265 0.999866784 -0.000914430 -0.014925715 0.072879441 0.002100232 0.997338593 49.251800537
0.997337401 0.013624523 -0.071641304 -79.720527649 -0.013572694 0.999907136 0.001210213 -0.025189988 0.071651138 -0.000234625 0.997429848 50.127597809
0.997368813 0.013163812 -0.071289197 -79.777976990 -0.013092020 0.999913156 0.001474261 -0.042592324 0.071302436 -0.000537062 0.997454584 51.013031006
0.997434795 0.014898024 -0.070013195 -79.844306946 -0.015064912 0.999884784 -0.001856213 -0.060734376 0.069977485 0.002906194 0.997544348 51.880477905
0.997457504 0.017296599 -0.069133796 -79.922973633 -0.017872840 0.999810457 -0.007725274 -0.074735701 0.068987086 0.008941251 0.997577548 52.743957520
0.997473300 0.018722886 -0.068530530 -79.979309082 -0.019681882 0.999717176 -0.013345338 -0.094232500 0.068261281 0.014660427 0.997559786 53.613758087
0.997443318 0.023324354 -0.067547619 -80.054328918 -0.024663938 0.999513984 -0.019066015 -0.121589541 0.067070089 0.020683261 0.997533798 54.466011047
0.997494638 0.023459556 -0.066741243 -80.111602783 -0.024810454 0.999502301 -0.019484386 -0.154766917 0.066250920 0.021091448 0.997580051 55.299736023
0.997597516 0.020275583 -0.066243373 -80.173538208 -0.021210002 0.999684751 -0.013433074 -0.178128600 0.065950118 0.014805823 0.997713089 56.150863647
0.997539222 0.019907223 -0.067225263 -80.229957581 -0.020253737 0.999784946 -0.004476874 -0.201479971 0.067121685 0.005827423 0.997727752 56.999931335
0.997475863 0.019054350 -0.068402857 -80.294715881 -0.018849960 0.999815762 0.003632294 -0.229755551 0.068459466 -0.002333738 0.997651160 57.850154877
0.997354925 0.017033542 -0.070661217 -80.357604980 -0.016989592 0.999854922 0.001222922 -0.243583709 0.070671789 -0.000019182 0.997499585 58.686313629
0.997313678 0.012170261 -0.072230205 -80.419456482 -0.012371073 0.999920726 -0.002333472 -0.258157432 0.072196089 0.003220770 0.997385263 59.516975403
0.997127831 0.010616951 -0.074989267 -80.480102539 -0.010928573 0.999933302 -0.003746422 -0.276971698 0.074944474 0.004555188 0.997177243 60.345542908
0.996889055 0.012682470 -0.077790737 -80.554367065 -0.013175817 0.999896169 -0.005831951 -0.299687594 0.077708699 0.006838765 0.996952653 61.170780182
0.996635199 0.014600490 -0.080654494 -80.632499695 -0.015423948 0.999834955 -0.009596046 -0.315411210 0.080501072 0.010807768 0.996695936 61.989364624
0.996320486 0.015338319 -0.084322266 -80.714866638 -0.016508080 0.999776661 -0.013192751 -0.333786786 0.084101081 0.014536207 0.996351182 62.799266815
0.995998263 0.016999686 -0.087740488 -80.790847778 -0.018517841 0.999692082 -0.016517892 -0.362886131 0.087432683 0.018076558 0.996006429 63.587661743
0.995616257 0.021263076 -0.091082931 -80.873916626 -0.022851516 0.999603868 -0.016432146 -0.389785588 0.090697452 0.018441491 0.995707750 64.395683289
0.995224118 0.025086597 -0.094339177 -80.966873169 -0.026587378 0.999538600 -0.014685007 -0.410804868 0.093927272 0.017123099 0.995431840 65.193061829
0.994774520 0.027982522 -0.098186687 -81.057685852 -0.028998990 0.999539435 -0.008940313 -0.430972815 0.097891293 0.011740910 0.995127857 65.992439270
0.994361222 0.028268488 -0.102208763 -81.145957947 -0.028731788 0.999582469 -0.003063270 -0.457634181 0.102079481 0.005982637 0.994758248 66.811492920
0.993847907 0.027982105 -0.107160300 -81.237045288 -0.028091349 0.999605238 0.000490214 -0.473983973 0.107131712 0.002523080 0.994241655 67.606399536
0.993155956 0.027669679 -0.113471016 -81.336425781 -0.027664592 0.999616027 0.001619786 -0.488579988 0.113472268 0.001530430 0.993539989 68.396499634
0.992507219 0.024833284 -0.119635783 -81.424896240 -0.024343027 0.999688208 0.005557794 -0.502576828 0.119736493 -0.002603854 0.992802203 69.181472778
0.991673827 0.025555044 -0.126213953 -81.529830933 -0.025122290 0.999671817 0.005019530 -0.513526499 0.126300797 -0.001806953 0.991990268 69.960380554
0.990802050 0.030108569 -0.131926849 -81.654197693 -0.029783364 0.999546528 0.004438038 -0.526735008 0.132000640 -0.000467992 0.991249442 70.730545044
0.989922047 0.031310070 -0.138108432 -81.768524170 -0.031506773 0.999503255 0.000762179 -0.538666189 0.138063684 0.003596855 0.990416765 71.496780396
0.989073694 0.031061161 -0.144112140 -81.878082275 -0.031714939 0.999494433 -0.002241024 -0.549972415 0.143969625 0.006787046 0.989558816 72.240455627
0.988213062 0.032423895 -0.149611443 -82.000717163 -0.033256013 0.999442101 -0.003062733 -0.567628980 0.149428666 0.008002113 0.988740146 73.006904602
0.987434864 0.034436125 -0.154228523 -82.129814148 -0.034603279 0.999399781 0.001601366 -0.573398829 0.154191121 0.003755568 0.988033831 73.776748657
0.986480653 0.034704331 -0.160161048 -82.262847900 -0.034212314 0.999397516 0.005829331 -0.584528148 0.160266891 -0.000271041 0.987073600 74.539787292
0.985440791 0.034276064 -0.166528061 -82.395156860 -0.033354536 0.999408901 0.008328250 -0.603234351 0.166715100 -0.002652531 0.986001492 75.298156738
0.984289646 0.031971801 -0.173642680 -82.533622742 -0.031685263 0.999488056 0.004422653 -0.610874772 0.173695207 0.001148742 0.984798789 76.046684265
0.982877135 0.028915029 -0.181979522 -82.683914185 -0.029996138 0.999544978 -0.003190716 -0.613878846 0.181804448 0.008594763 0.983297110 76.796844482
0.981187880 0.026835715 -0.191180870 -82.822837830 -0.028216576 0.999591649 -0.004503601 -0.629755378 0.190981984 0.009813349 0.981544495 77.516510010
0.979116201 0.026056452 -0.201624110 -82.985786438 -0.026926611 0.999636233 -0.001573783 -0.642092049 0.201509714 0.006969970 0.979461789 78.255973816
0.976736903 0.026554868 -0.212790430 -83.154380798 -0.026188385 0.999646664 0.004541205 -0.651814401 0.212835833 0.001137073 0.977087379 78.997344971
0.974060893 0.027900796 -0.224559426 -83.336479187 -0.025860740 0.999593318 0.012021373 -0.656080127 0.224803507 -0.005902275 0.974386215 79.724395752
0.971351147 0.029313648 -0.235833913 -83.510803223 -0.026338035 0.999528825 0.015758377 -0.664293528 0.236184746 -0.009095512 0.971665740 80.446159363
0.968345165 0.032381464 -0.247505710 -83.709228516 -0.030565389 0.999470234 0.011177371 -0.672241807 0.247736543 -0.003258444 0.968821943 81.158111572
0.965317309 0.032373354 -0.259064525 -83.918609619 -0.032958146 0.999454498 0.002086848 -0.679166019 0.258990794 0.006523816 0.965857804 81.857955933
0.962026238 0.029987741 -0.271304786 -84.132530212 -0.031849608 0.999489665 -0.002461156 -0.684692919 0.271092534 0.011008650 0.962490439 82.566978455
0.958705664 0.028784804 -0.282939792 -84.353523254 -0.029217964 0.999569416 0.002689570 -0.698598742 0.282895386 0.005688420 0.959133923 83.264755249
0.955105007 0.029883998 -0.294756293 -84.571060181 -0.028269269 0.999552906 0.009738612 -0.700277448 0.294915527 -0.000968853 0.955522835 83.998382568
0.951371551 0.029870583 -0.306594193 -84.812461853 -0.026536487 0.999534667 0.015038210 -0.705282807 0.306900740 -0.006170991 0.951721489 84.712654114
0.947226524 0.027552551 -0.319378883 -85.055946350 -0.024536256 0.999608278 0.013464781 -0.711789131 0.319624782 -0.004917834 0.947531402 85.417381287
0.943365276 0.025280112 -0.330791235 -85.306121826 -0.023561887 0.999680042 0.009203861 -0.717143178 0.330918103 -0.000888536 0.943659067 86.111480713
0.940575957 0.021301273 -0.338914722 -85.584777832 -0.021778546 0.999760032 0.002395238 -0.725497484 0.338884413 0.005128167 0.940814078 86.787796021
0.937481523 0.017288046 -0.347605348 -85.833396912 -0.019722357 0.999799609 -0.003465911 -0.735105515 0.347475708 0.010104824 0.937634528 87.520401001
0.934835672 0.017055016 -0.354670972 -86.109161377 -0.020290267 0.999779522 -0.005404473 -0.745494306 0.354500592 0.012248665 0.934975564 88.223907471
0.931737483 0.022502208 -0.362434745 -86.403137207 -0.026190449 0.999643087 -0.005265621 -0.764044523 0.362186909 0.014398504 0.931994259 88.926956177
0.928632319 0.022849234 -0.370297134 -86.688476562 -0.025808159 0.999662280 -0.003037488 -0.779222369 0.370102644 0.012377396 0.928908348 89.625030518
0.925529718 0.023867186 -0.377922118 -86.984962463 -0.024189385 0.999699771 0.003895050 -0.786880732 0.377901644 0.005536719 0.925829172 90.334068298
0.922686577 0.025541421 -0.384703934 -87.280097961 -0.022657350 0.999670863 0.012028432 -0.791608095 0.384884536 -0.002382100 0.922961652 91.041725159
0.920098662 0.035817720 -0.390045583 -87.605926514 -0.030826710 0.999343216 0.019050542 -0.803406954 0.390471727 -0.005504556 0.920598447 91.743263245
0.917261064 0.042417184 -0.396021426 -87.926055908 -0.039292023 0.999099612 0.016004069 -0.805258155 0.396343738 0.000880570 0.918101788 92.437225342
0.914936781 0.039134175 -0.401695609 -88.223190308 -0.038838375 0.999206126 0.008883464 -0.813523173 0.401724339 0.007473397 0.915730178 93.100173950
0.912951469 0.031043017 -0.406885684 -88.531326294 -0.033678193 0.999432445 0.000685311 -0.804136395 0.406676054 0.013077520 0.913478851 93.813568115
0.911306202 0.031397432 -0.410530478 -88.853622437 -0.034416314 0.999407589 0.000036626 -0.808163881 0.410288483 0.014095568 0.911846936 94.505668640
0.909134269 0.037611421 -0.414801389 -89.195236206 -0.038872425 0.999229550 0.005405447 -0.818831265 0.414685130 0.011210060 0.909895957 95.202713013
0.906626046 0.040392257 -0.419997364 -89.525650024 -0.039857186 0.999154866 0.010053757 -0.828894377 0.420048505 0.007624919 0.907469690 95.894119263
0.904417157 0.036925413 -0.425048321 -89.845329285 -0.036909822 0.999284208 0.008274604 -0.843335271 0.425049692 0.008204766 0.905132949 96.568000793
0.902098417 0.035716616 -0.430049688 -90.194702148 -0.038747460 0.999247551 0.001710761 -0.848475754 0.429787219 0.015120063 0.902803600 97.287857056
0.899918318 0.032961208 -0.434810966 -90.536956787 -0.038945243 0.999229491 -0.004856643 -0.856508493 0.434315920 0.021304401 0.900508642 97.976753235
