1.000000000 0.000000000 0.000000000 0.000000000 0.000000000 1.000000000 0.000000000 0.000000000 0.000000000 0.000000000 1.000000000 0.000000000
0.999978960 0.000403116 -0.006474586 -0.008188771 -0.000400585 0.999999821 0.000392267 -0.001870380 0.006474744 -0.000389665 0.999978960 0.091682263
0.999907255 0.000951648 -0.013587182 -0.016365027 -0.000949469 0.999999523 0.000166862 -0.001950146 0.013587335 -0.000153946 0.999907672 0.188516378
0.999772549 0.001380653 -0.021283807 -0.026090784 -0.001393047 0.999998868 -0.000567523 -0.002076282 0.021283001 0.000597044 0.999773324 0.285359442
0.999540627 0.001689524 -0.030259559 -0.042458784 -0.001749648 0.999996543 -0.001960584 -0.002170266 0.030256141 0.002012627 0.999540150 0.390707970
0.999125540 0.001920253 -0.041766472 -0.059060723 -0.002065271 0.999992013 -0.003429262 -0.004924791 0.041759551 0.003512522 0.999121487 0.501136541
0.998479128 0.001727815 -0.055103566 -0.084286876 -0.001953306 0.999989927 -0.004038536 -0.008015506 0.055096034 0.004140029 0.998472452 0.626010239
0.997427762 0.001834247 -0.071655497 -0.108574249 -0.002157490 0.999987841 -0.004433929 -0.004167136 0.071646497 0.004577120 0.997419596 0.761382401
0.995905519 0.000233441 -0.090399809 -0.134716243 -0.000614343 0.999991059 -0.004185720 -0.008988084 0.090398021 0.004224118 0.995896757 0.917200267
0.993913710 -0.000739110 -0.110158920 -0.176215172 0.000259363 0.999990404 -0.004369315 -0.012543540 0.110161096 0.004314151 0.993904412 1.075417399
0.991229415 -0.001093575 -0.132147804 -0.224575698 0.000474706 0.999988794 -0.004714575 -0.015368713 0.132151514 0.004610494 0.991218805 1.236939549
0.987706482 0.002505351 -0.156299844 -0.279467195 -0.003504358 0.999975085 -0.006116374 -0.019831743 0.156280622 0.006588912 0.987690628 1.404977918
0.983311534 0.006900860 -0.181798711 -0.346102208 -0.008405241 0.999936461 -0.007505818 -0.026827343 0.181735352 0.008908620 0.983307064 1.581276894
0.977930725 0.009795181 -0.208699971 -0.420980304 -0.011867703 0.999891818 -0.008680737 -0.028731551 0.208592400 0.010965947 0.977941155 1.763856530
0.971239686 0.010460963 -0.237874180 -0.497766554 -0.012959015 0.999876082 -0.008940196 -0.030568007 0.237751156 0.011765689 0.971254766 1.946650743
0.963175058 0.012449609 -0.268586755 -0.585897207 -0.015281410 0.999847472 -0.008455223 -0.034396842 0.268440485 0.012248244 0.963218272 2.142223835
0.953720748 0.014483461 -0.300344646 -0.683272064 -0.017547019 0.999817789 -0.007505162 -0.035592228 0.300181329 0.012427984 0.953801215 2.331834316
0.942479849 0.016274665 -0.333866537 -0.782668352 -0.019529441 0.999788761 -0.006394404 -0.036357038 0.333692014 0.012546828 0.942598641 2.517302752
0.929947972 0.018404750 -0.367229998 -0.881582439 -0.022034775 0.999740899 -0.005694566 -0.042489622 0.367030114 0.013387481 0.930112720 2.690321207
0.916103542 0.021225635 -0.400379539 -1.001714706 -0.025434367 0.999662995 -0.005200147 -0.041240808 0.400134265 0.014947275 0.916334629 2.870318890
0.899964690 0.021585956 -0.435428083 -1.117924571 -0.026266836 0.999643683 -0.004733176 -0.038908161 0.435170829 0.015697010 0.900211036 3.047510386
0.881633103 0.017832153 -0.471598476 -1.237894654 -0.022868825 0.999726236 -0.004950487 -0.045635827 0.471381068 0.015149417 0.881799519 3.213964224
0.860228777 0.012828071 -0.509746850 -1.371242285 -0.018044099 0.999823272 -0.005289393 -0.049400087 0.509588897 0.013748012 0.860308170 3.392360210
0.835228026 0.014380107 -0.549715698 -1.531460881 -0.018568998 0.999825478 -0.002058791 -0.053958066 0.549590170 0.011927229 0.835349321 3.569259167
0.806345046 0.019752974 -0.591115594 -1.714961767 -0.023164541 0.999730110 0.001808495 -0.060190745 0.590991616 0.012234651 0.806584895 3.735071182
0.773839474 0.023315005 -0.632952690 -1.916203022 -0.026994389 0.999628305 0.003818632 -0.062482167 0.632806301 0.014131162 0.774181068 3.909412146
0.737572253 0.022375247 -0.674897492 -2.123586178 -0.026221491 0.999646068 0.004485249 -0.061603010 0.674758911 0.014388621 0.737897992 4.077028751
0.697843194 0.018138058 -0.716021001 -2.339366198 -0.020317916 0.999778271 0.005524025 -0.059933342 0.715962350 0.010693147 0.698056996 4.239311218
0.654965580 0.014794570 -0.755513906 -2.580219269 -0.015511037 0.999860823 0.006132670 -0.058487628 0.755499542 0.007702118 0.655103922 4.403058529
0.609757364 0.014124433 -0.792462289 -2.837160110 -0.012723873 0.999886811 0.008031118 -0.056377023 0.792485952 0.005186155 0.609868050 4.553389549
0.562166691 0.014939911 -0.826889038 -3.115580559 -0.010765390 0.999884248 0.010746595 -0.053759251 0.826954007 0.002860406 0.562262475 4.680706978
0.512000382 0.015720066 -0.858841360 -3.406494379 -0.009018023 0.999875724 0.012925417 -0.054140761 0.858937860 0.001127232 0.512078583 4.791985989
0.459075063 0.017019147 -0.888234496 -3.723993301 -0.008633897 0.999854684 0.014695523 -0.044558920 0.888355434 0.000922577 0.459155351 4.903426647
0.404434174 0.019077167 -0.914368153 -4.055122852 -0.007646532 0.999817967 0.017477836 -0.039190605 0.914535046 -0.000076892 0.404506564 4.998507023
0.349156499 0.021188881 -0.936824858 -4.403873444 -0.007324866 0.999775410 0.019882696 -0.035736099 0.937035799 -0.000080057 0.349233329 5.077588081
0.293612599 0.024402672 -0.955613017 -4.773039818 -0.004998844 0.999699593 0.023992581 -0.032465443 0.955911458 -0.002267563 0.293646365 5.150553226
0.239747554 0.025968637 -0.970487952 -5.137821198 -0.000479864 0.999645174 0.026630297 -0.029628396 0.970835209 -0.005918847 0.239675015 5.211279869
0.188831791 0.026597541 -0.981649220 -5.485210896 0.002640085 0.999615669 0.027592197 -0.031155840 0.982005894 -0.007801921 0.188689083 5.245288849
0.141805038 0.027682558 -0.989507377 -5.885372639 -0.000771243 0.999611676 0.027854707 -0.025866240 0.989894331 -0.003186787 0.141771302 5.254711151
0.099494815 0.028037906 -0.994642913 -6.316926956 -0.002893118 0.999606907 0.027888434 -0.014208913 0.995033920 0.000102866 0.099536806 5.257867336
0.061553292 0.026574889 -0.997749865 -6.763723373 -0.003890681 0.999644160 0.026385320 -0.005391404 0.998096228 0.002257824 0.061634772 5.254266739
0.027100287 0.023736337 -0.999350786 -7.229190350 -0.003058933 0.999715269 0.023662042 0.003131196 0.999628186 0.002415701 0.027165145 5.240291595
-0.004024896 0.020980315 -0.999771714 -7.707075119 -0.002571146 0.999776363 0.020990759 0.010360315 0.999988616 0.002655045 -0.003970052 5.208456993
-0.030749489 0.019362994 -0.999339521 -8.194918633 -0.002760047 0.999806941 0.019456975 0.015297979 0.999523342 0.003356516 -0.030690113 5.172627926
-0.051253431 0.016714197 -0.998545766 -8.693291664 -0.003479214 0.999850869 0.016914621 0.026445270 0.998679638 0.004341087 -0.051187638 5.126223564
-0.067660391 0.016069425 -0.997578979 -9.222693443 -0.003237859 0.999861419 0.016325805 0.034557812 0.997703135 0.004334631 -0.067599006 5.077697754
-0.080754608 0.016209317 -0.996602118 -9.758484840 -0.002795290 0.999860108 0.016488809 0.046159104 0.996730089 0.004117339 -0.080697998 5.024868965
-0.090268500 0.017504815 -0.995763540 -10.313576698 -0.002813528 0.999836981 0.017831476 0.047912970 0.995913446 0.004411230 -0.090204544 4.965099335
-0.097182415 0.018855710 -0.995088100 -10.881185532 -0.004289607 0.999803305 0.019363994 0.050093353 0.995257258 0.006150376 -0.097082421 4.904793262
-0.101633616 0.020030461 -0.994620204 -11.473690987 -0.004119296 0.999780297 0.020555299 0.055274263 0.994813383 0.006186245 -0.101528771 4.836135864
-0.103093021 0.020620307 -0.994458079 -12.080135345 -0.002029543 0.999778688 0.020941036 0.067557961 0.994669616 0.004177170 -0.103028350 4.772341251
-0.102120049 0.022769246 -0.994511485 -12.693705559 -0.000616122 0.999736369 0.022952132 0.073263943 0.994771898 0.002956614 -0.102079101 4.711334229
-0.100731209 0.025258910 -0.994593024 -13.331774712 -0.000984729 0.999674678 0.025487700 0.080317944 0.994913161 0.003546812 -0.100673586 4.645812035
-0.098949440 0.025325613 -0.994770169 -13.979688644 -0.003352854 0.999661863 0.025783658 0.084909886 0.995086849 0.005886597 -0.098831087 4.575742245
-0.097179607 0.022842173 -0.995004773 -14.638162613 -0.004519490 0.999716163 0.023391740 0.096988827 0.995256662 0.006770113 -0.097048789 4.505588531
-0.095656715 0.022521708 -0.995159566 -15.331776619 -0.006171989 0.999711394 0.023217989 0.107035249 0.995395243 0.008363068 -0.095490105 4.424915314
-0.094034165 0.025249589 -0.995248735 -16.034296036 -0.005650977 0.999648750 0.025895139 0.123016745 0.995552957 0.008059156 -0.093858458 4.359100342
-0.092205346 0.028933767 -0.995319486 -16.753303528 -0.006677927 0.999537349 0.029675011 0.131739467 0.995717645 0.009382865 -0.091969445 4.289385796
-0.090366878 0.030989049 -0.995426297 -17.485248566 -0.007075574 0.999470651 0.031757288 0.140600920 0.995883405 0.009913021 -0.090099774 4.218325615
-0.088630609 0.030139254 -0.995608449 -18.213060379 -0.008566100 0.999482095 0.031019084 0.159037858 0.996027708 0.011277725 -0.088326551 4.149133682
-0.087007411 0.026827533 -0.995846272 -18.972766876 -0.011020330 0.999550223 0.027890161 0.177399963 0.996146619 0.013401207 -0.086672634 4.074353218
-0.085091747 0.026431592 -0.996022463 -19.750679016 -0.011871560 0.999550223 0.027539413 0.194115281 0.996302307 0.014167719 -0.084739722 3.996673822
-0.083803721 0.028694306 -0.996069014 -20.520572662 -0.009379945 0.999518335 0.029582847 0.209093332 0.996438086 0.011822227 -0.083494231 3.934999943
-0.082453027 0.031284608 -0.996103942 -21.301326752 -0.007053497 0.999463737 0.031974003 0.212436557 0.996569991 0.009662367 -0.082188159 3.869957685
-0.080968231 0.032913052 -0.996173203 -22.101453781 -0.006675081 0.999414265 0.033562686 0.227484643 0.996694326 0.009367048 -0.080701120 3.799908400
-0.080589339 0.028196715 -0.996348560 -22.901367188 -0.006157035 0.999566615 0.028785801 0.241403639 0.996728301 0.008454382 -0.080380805 3.732087612
-0.080136940 0.021431111 -0.996553421 -23.709255219 -0.004826861 0.999748707 0.021887977 0.249511778 0.996772170 0.006564261 -0.080013342 3.662345648
-0.080335110 0.016770784 -0.996626735 -24.515209198 -0.001436460 0.999855459 0.016940897 0.260236979 0.996766806 0.002792564 -0.080299430 3.600594997
-0.080905840 0.017464532 -0.996568680 -25.347074509 -0.000017583 0.999846399 0.017523402 0.272703469 0.996721685 0.001435269 -0.080893129 3.534831762
-0.080931164 0.025213584 -0.996400654 -26.190429688 -0.000851896 0.999677896 0.025365705 0.275053740 0.996719301 0.002901706 -0.080883622 3.457070351
-0.081417277 0.032530449 -0.996149063 -27.040014267 -0.002451621 0.999457657 0.032838870 0.283068895 0.996677041 0.005115831 -0.081293382 3.386375666
-0.081901304 0.037500862 -0.995934606 -27.905597687 -0.004657616 0.999266446 0.038009342 0.301727593 0.996629536 0.007751695 -0.081666559 3.304561853
-0.082021207 0.037821069 -0.995912671 -28.750396729 -0.006421910 0.999238789 0.038476281 0.314160526 0.996609807 0.009551532 -0.081715897 3.223814249
-0.082491212 0.034204315 -0.996004641 -29.588056564 -0.006391237 0.999372125 0.034849301 0.332020700 0.996571302 0.009240462 -0.082220815 3.149993658
-0.082733206 0.031492986 -0.996074080 -30.424827576 -0.006904325 0.999458373 0.032173462 0.347389877 0.996547759 0.009539032 -0.082470983 3.073621035
-0.082906544 0.033018544 -0.996010184 -31.249437332 -0.007657278 0.999400377 0.033768322 0.360377789 0.996527910 0.010426340 -0.082603976 3.007623196
-0.082957476 0.035289191 -0.995928109 -32.090362549 -0.008526487 0.999311149 0.036119293 0.372242391 0.996516585 0.011488132 -0.082599431 2.936169386
-0.082617849 0.034013223 -0.996000707 -32.917926788 -0.009929884 0.999339700 0.034950931 0.377758563 0.996531844 0.012777742 -0.082225554 2.859992981
-0.082487091 0.028816514 -0.996175468 -33.745563507 -0.010314848 0.999503672 0.029766906 0.392020345 0.996538818 0.012730783 -0.082148917 2.790206432
-0.082056023 0.024488799 -0.996326804 -34.577892303 -0.012044778 0.999600649 0.025561269 0.405348092 0.996554911 0.014097990 -0.081728294 2.709433794
-0.081558973 0.025488045 -0.996342480 -35.405982971 -0.011881338 0.999577045 0.026543373 0.409045100 0.996597707 0.014002734 -0.081221640 2.638757706
-0.080927946 0.027987154 -0.996326864 -36.233898163 -0.010596927 0.999525070 0.028937740 0.416765094 0.996663690 0.012899878 -0.080592930 2.569644213
-0.080257103 0.032866698 -0.996232152 -37.076934814 -0.010304631 0.999375403 0.033800542 0.430054307 0.996720850 0.012978540 -0.079868294 2.494026184
-0.079809010 0.038594946 -0.996062636 -37.908477783 -0.009930743 0.999169767 0.039511021 0.445557594 0.996760726 0.013044981 -0.079359479 2.428948164
-0.080078125 0.041765925 -0.995913088 -38.755096436 -0.010270447 0.999034107 0.042722624 0.463751912 0.996735692 0.013649622 -0.079571821 2.353190422
-0.080012910 0.041716632 -0.995920420 -39.579685211 -0.009773287 0.999042928 0.042632617 0.483686805 0.996746004 0.013144576 -0.079528622 2.289030552
-0.079890557 0.037400406 -0.996101737 -40.405509949 -0.009722420 0.999219060 0.038297225 0.501286745 0.996756256 0.012744106 -0.079464547 2.219701529
-0.079644740 0.032810379 -0.996283174 -41.237728119 -0.011162039 0.999366283 0.033804219 0.517924488 0.996760726 0.013812883 -0.079228051 2.151715994
-0.079585686 0.030054370 -0.996374846 -42.058250427 -0.015251082 0.999391675 0.031363551 0.533045828 0.996711314 0.017691884 -0.079078905 2.075004578
-0.080085523 0.028240073 -0.996387839 -42.885116577 -0.018507246 0.999384224 0.029812526 0.545937479 0.996616066 0.020827943 -0.079513572 1.998917580
-0.080599092 0.026414674 -0.996396542 -43.702140808 -0.016227841 0.999481559 0.027809136 0.553265154 0.996614456 0.018410755 -0.080128655 1.921960115
-0.081755795 0.022720460 -0.996393323 -44.527866364 -0.012527143 0.999637842 0.023822315 0.560082972 0.996573567 0.014429575 -0.081441551 1.857268572
-0.082141206 0.021409901 -0.996390700 -45.352714539 -0.008378538 0.999719083 0.022172140 0.566453993 0.996585488 0.010169541 -0.081938744 1.773935318
-0.084272847 0.024871640 -0.996132255 -46.173316956 -0.008185532 0.999637485 0.025651654 0.573378682 0.996409118 0.010315608 -0.084038690 1.705194235
-0.086009599 0.030917030 -0.995814502 -46.988853455 -0.005589378 0.999487698 0.031513840 0.583566546 0.996278703 0.008276474 -0.085792728 1.631484032
-0.087526500 0.035293434 -0.995536804 -47.797245026 -0.004090928 0.999350965 0.035788331 0.585033894 0.996153712 0.007205095 -0.087325320 1.553993702
-0.088701501 0.033491123 -0.995494962 -48.609607697 -0.004867820 0.999408066 0.034056518 0.601286411 0.996046364 0.007866753 -0.088485979 1.470998764
-0.089654595 0.029841254 -0.995525658 -49.404956818 -0.008154078 0.999495566 0.030694585 0.608036757 0.995939553 0.010869506 -0.089366049 1.388234138
-0.090676859 0.026320666 -0.995532513 -50.197242737 -0.012948986 0.999535084 0.027605934 0.616266012 0.995796204 0.015394354 -0.090293884 1.301077843
-0.092247210 0.024676017 -0.995430350 -50.990489960 -0.016860699 0.999510765 0.026339659 0.627891481 0.995593369 0.019213405 -0.091786034 1.215761185
-0.093231015 0.025650786 -0.995314002 -51.786579132 -0.018563425 0.999449492 0.027496196 0.635661364 0.995471418 0.021039933 -0.092703521 1.132611275
-0.094155088 0.027369190 -0.995181203 -52.575225830 -0.018694675 0.999397099 0.029253850 0.640262008 0.995382011 0.021358989 -0.093586676 1.051746368
-0.095104575 0.026618671 -0.995111346 -53.363323212 -0.020827109 0.999370396 0.028723078 0.649277210 0.995249391 0.023456993 -0.094490290 0.967215538
-0.095597073 0.026559895 -0.995065689 -54.143150330 -0.021581357 0.999353707 0.028747689 0.656686544 0.995186210 0.024223065 -0.094962068 0.884715557
-0.096060634 0.028540097 -0.994966149 -54.913616180 -0.019787345 0.999336481 0.030575864 0.665828347 0.995178699 0.022624878 -0.095432170 0.804913998
-0.096319541 0.031377807 -0.994855642 -55.683292389 -0.019049026 0.999261677 0.033361062 0.678690672 0.995168090 0.022164356 -0.095650725 0.730713367
-0.096642375 0.035490979 -0.994686186 -56.450939178 -0.018764786 0.999121606 0.037472393 0.689220428 0.995142281 0.022286497 -0.095891505 0.650545120
-0.097155333 0.037547380 -0.994560659 -57.213642120 -0.018947536 0.999037266 0.039567299 0.702795029 0.995088875 0.022688651 -0.096350372 0.573922634
-0.097741388 0.037888058 -0.994490385 -57.961292267 -0.018722009 0.999028206 0.039900996 0.710933208 0.995035648 0.022518838 -0.096937075 0.497716904
-0.098086111 0.036105238 -0.994522750 -58.701721191 -0.018302465 0.999107242 0.038076781 0.719324946 0.995009542 0.021937022 -0.097337730 0.423192978
-0.098201953 0.032059379 -0.994650006 -59.426219940 -0.017716262 0.999266207 0.033957303 0.738020182 0.995008826 0.020956151 -0.097561918 0.348591805
-0.097918980 0.028916866 -0.994774103 -60.152431488 -0.018205823 0.999358594 0.030842178 0.755426407 0.995027840 0.021130715 -0.097329676 0.271287441
-0.096913338 0.026498988 -0.994939923 -60.860530853 -0.018589268 0.999423087 0.028429095 0.765525341 0.995119154 0.021250358 -0.096364819 0.201109886
-0.094366170 0.025852272 -0.995201826 -61.552742004 -0.021407537 0.999378979 0.027990665 0.768078446 0.995307326 0.023946192 -0.093754120 0.127335548
-0.090057343 0.026960617 -0.995571554 -62.250637054 -0.021309851 0.999352574 0.028990647 0.774318695 0.995708585 0.023826301 -0.089424491 0.057380676
-0.084167995 0.028990105 -0.996029794 -62.910209656 -0.021026324 0.999302387 0.030862154 0.773710251 0.996229649 0.023540447 -0.083499737 -0.000472546
-0.076908231 0.030132651 -0.996582866 -63.564476013 -0.020256393 0.999289632 0.031777728 0.784035921 0.996832371 0.022631137 -0.076243229 -0.049536705
-0.068039358 0.031454057 -0.997186661 -64.198989868 -0.021052124 0.999235034 0.032955080 0.790056944 0.997460485 0.023235140 -0.067325145 -0.092145920
-0.056328811 0.033642426 -0.997845292 -64.828979492 -0.023326196 0.999114931 0.035002008 0.792512655 0.998139799 0.025247555 -0.055494197 -0.129163265
-0.041401349 0.034576006 -0.998544157 -65.446510315 -0.026336383 0.999016047 0.035684306 0.805858850 0.998795450 0.027775414 -0.040450003 -0.158950806
-0.022808122 0.035719734 -0.999101460 -66.036727905 -0.027837222 0.998951375 0.036349848 0.816067338 0.999352217 0.028641282 -0.021789864 -0.170138717
-0.000652585 0.036909040 -0.999318480 -66.610725403 -0.028973969 0.998898447 0.036912445 0.820475340 0.999579966 0.028978309 0.000417534 -0.164071918
0.024627458 0.037328593 -0.998999536 -67.151702881 -0.028351229 0.998926818 0.036626957 0.824379086 0.999294579 0.027420834 0.025659330 -0.133330226
0.054150257 0.036627721 -0.997860789 -67.675537109 -0.026850851 0.999018967 0.035213146 0.836024165 0.998171747 0.024886604 0.055080634 -0.085565805
0.088258408 0.036839455 -0.995416164 -68.182899475 -0.025865434 0.999063671 0.034681093 0.838246465 0.995761752 0.022685977 0.089128621 -0.020859241
0.126104921 0.036996186 -0.991326869 -68.661033630 -0.025456410 0.999095976 0.034047864 0.843929768 0.991690278 0.020942021 0.126932710 0.061666489
0.166978389 0.036704380 -0.985277176 -69.119987488 -0.025230866 0.999138713 0.032944798 0.849950075 0.985637724 0.019358326 0.167760640 0.163512230
0.211883605 0.037611432 -0.976570964 -69.559387207 -0.024148267 0.999155581 0.033241887 0.853683233 0.976996601 0.016539084 0.212612957 0.284982681
0.259951055 0.036262136 -0.964940667 -69.990226746 -0.020786095 0.999273241 0.031952653 0.855067492 0.965398133 0.011751225 0.260515898 0.436227798
0.309685349 0.031911016 -0.950303495 -70.379394531 -0.013305531 0.999484181 0.029226480 0.843879104 0.950746000 0.003593278 0.309950143 0.609664917
0.360648990 0.026432842 -0.932327032 -70.777465820 -0.007859366 0.999648988 0.025301304 0.847642958 0.932668447 -0.001797390 0.360730082 0.811550140
0.413051367 0.021473570 -0.910454512 -71.165969849 -0.002862989 0.999747574 0.022280727 0.855906904 0.910703182 -0.006596465 0.413008630 1.033121109
0.464030683 0.020813189 -0.885574579 -71.543624878 -0.002869086 0.999753952 0.021993317 0.863203287 0.885814548 -0.007664786 0.463976264 1.270282745
0.511966586 0.019294692 -0.858788669 -71.908454895 -0.000642281 0.999756098 0.022078954 0.870590806 0.859005094 -0.010752101 0.511853933 1.530935287
0.556792080 0.014577233 -0.830523908 -72.260566711 0.007125002 0.999725401 0.022323711 0.880231142 0.830621362 -0.018347148 0.556535244 1.819625854
0.600922346 0.007677115 -0.799270511 -72.586471558 0.017925061 0.999572933 0.023077803 0.884234786 0.799106479 -0.028194942 0.600528121 2.122123718
0.643006802 0.002845721 -0.765855074 -72.889930725 0.019589180 0.999604821 0.020161223 0.882234216 0.765609860 -0.027966278 0.642697096 2.439994812
0.684367478 -0.002448614 -0.729133129 -73.193214417 0.017568581 0.999759436 0.013132502 0.886940956 0.728925586 -0.021797290 0.684245944 2.758483887
0.724253356 -0.009318809 -0.689471006 -73.459152222 0.014466694 0.999893963 0.001682062 0.887295842 0.689382195 -0.011192602 0.724311352 3.101211548
0.763746798 -0.011673601 -0.645410478 -73.733459473 0.009699300 0.999931157 -0.006608180 0.888182402 0.645443082 -0.001213051 0.763807476 3.466861725
0.800850928 -0.012800884 -0.598726988 -73.996322632 0.008678556 0.999914527 -0.009770001 0.888047338 0.598800778 0.002628230 0.800893664 3.864185333
0.834700108 -0.013826949 -0.550531149 -74.237152100 0.009120597 0.999894738 -0.011284612 0.880278349 0.550629258 0.004398094 0.834738314 4.292549133
0.865402758 -0.013119613 -0.500905097 -74.469970703 0.007330517 0.999881685 -0.013523940 0.873617530 0.501023233 0.008031762 0.865396559 4.744981766
0.891398072 -0.011503562 -0.453075111 -74.678619385 0.006709599 0.999903202 -0.012186775 0.861510038 0.453171432 0.007823317 0.891389132 5.220718384
0.912495792 -0.005490392 -0.409049183 -74.870361328 0.001158404 0.999940574 -0.010837394 0.847022176 0.409084290 0.009415232 0.912448049 5.719152451
0.930076718 -0.001103173 -0.367363632 -75.057319641 -0.003721801 0.999915838 -0.012425400 0.839736223 0.367346376 0.012923828 0.929994404 6.231428146
0.943745553 0.003906247 -0.330649257 -75.238662720 -0.007971890 0.999908388 -0.010940740 0.829686522 0.330576271 0.012961173 0.943690300 6.764663696
0.953711808 0.004531239 -0.300687760 -75.395690918 -0.007685374 0.999927223 -0.009307734 0.819466949 0.300623745 0.011187795 0.953677237 7.329216003
0.961033344 0.003681258 -0.276407778 -75.548088074 -0.006037218 0.999952316 -0.007673031 0.807672977 0.276366353 0.009042771 0.961009800 7.911649704
0.966822982 0.003748337 -0.255419821 -75.692192078 -0.005347862 0.999970198 -0.005568129 0.796722710 0.255391330 0.006749345 0.966814220 8.513183594
0.971412241 0.006147582 -0.237319693 -75.835586548 -0.007027852 0.999971271 -0.002863377 0.787904322 0.237295240 0.004449368 0.971427381 9.130304337
0.975066483 0.011268118 -0.221626818 -75.989746094 -0.011881849 0.999928415 -0.001436113 0.781810820 0.221594751 0.004033643 0.975130498 9.767911911
0.977848709 0.014519784 -0.208808795 -76.114021301 -0.014810242 0.999890268 0.000172484 0.769724607 0.208788380 0.002923845 0.977956533 10.405533791
0.980540812 0.013234382 -0.195868686 -76.237434387 -0.013504326 0.999908805 -0.000042725 0.761342824 0.195850268 0.002686969 0.980630040 11.064104080
0.983164608 0.013132023 -0.182249263 -76.355758667 -0.013465959 0.999909163 -0.000594933 0.755434394 0.182224870 0.003039078 0.983252108 11.743298531
0.985768974 0.013300058 -0.167578697 -76.469657898 -0.013509982 0.999908686 -0.000112647 0.751982927 0.167561918 0.002375029 0.985858619 12.440208435
0.988031268 0.014469132 -0.153573111 -76.572723389 -0.014556064 0.999893904 0.000558356 0.744592428 0.153564915 0.001683747 0.988137066 13.139959335
0.989929378 0.014585542 -0.140808642 -76.676422119 -0.015028921 0.999884903 -0.002085850 0.729809761 0.140762016 0.004181046 0.990034640 13.865876198
0.991405189 0.015043560 -0.129958957 -76.766319275 -0.016119024 0.999843955 -0.007227460 0.715684533 0.129829943 0.009260152 0.991493046 14.593037605
0.992619693 0.013610504 -0.120502323 -76.853340149 -0.015332269 0.999793112 -0.013372576 0.704424500 0.120295405 0.015121458 0.992622972 15.334432602
0.993582487 0.013511010 -0.112299457 -76.938796997 -0.015119715 0.999794662 -0.013485795 0.690721989 0.112094209 0.015097186 0.993582964 16.082729340
0.994260788 0.015599603 -0.105841547 -77.020401001 -0.016453190 0.999838769 -0.007196285 0.671087563 0.105712235 0.008896413 0.994356990 16.860221863
0.994693995 0.020188294 -0.100878417 -77.106262207 -0.020215794 0.999795437 0.000749789 0.655456960 0.100872926 0.001293526 0.994898558 17.631042480
0.995148182 0.021019708 -0.096116602 -77.193176270 -0.020690892 0.999776244 0.004416598 0.643441677 0.096187927 -0.002406432 0.995360315 18.400007248
0.995465994 0.019405499 -0.093117379 -77.257530212 -0.019186970 0.999810755 0.003241624 0.632101655 0.093162626 -0.001440286 0.995649934 19.162109375
0.995796740 0.018020477 -0.089800477 -77.351852417 -0.017906893 0.999837458 0.002070435 0.633669019 0.089823194 -0.000453685 0.995957613 19.949470520
0.996109903 0.016841477 -0.086494282 -77.423591614 -0.016537383 0.999854267 0.004231171 0.623854101 0.086552933 -0.002784322 0.996243358 20.720466614
0.996323586 0.014986581 -0.084347874 -77.487312317 -0.014432936 0.999870062 0.007169846 0.606556892 0.084444366 -0.005926100 0.996410549 21.495536804
0.996584654 0.012450894 -0.081633911 -77.542762756 -0.011759343 0.999890804 0.008946732 0.597460508 0.081736386 -0.007956214 0.996622205 22.258920670
0.996806741 0.012218221 -0.078910567 -77.609329224 -0.011808637 0.999914289 0.005655056 0.581052184 0.078972898 -0.004705172 0.996865571 23.018491745
0.996912360 0.014648103 -0.077142611 -77.675392151 -0.014846121 0.999887824 -0.001993998 0.575802863 0.077104740 0.003133111 0.997018099 23.770702362
0.997056186 0.015691640 -0.075050876 -77.738304138 -0.016435413 0.999821663 -0.009302823 0.556146324 0.074891515 0.010508928 0.997136235 24.514827728
0.997142613 0.016483085 -0.073721655 -77.801834106 -0.017563814 0.999747217 -0.014035291 0.546479344 0.073471673 0.015290016 0.997179985 25.270103455
0.997260511 0.018353602 -0.071656533 -77.856811523 -0.019244570 0.999745607 -0.011763237 0.517637014 0.071422391 0.013110011 0.997359991 26.025939941
0.997365832 0.021506779 -0.069274366 -77.919090271 -0.022100551 0.999725163 -0.007816201 0.496805012 0.069087230 0.009326614 0.997566938 26.787317276
0.997462332 0.024528500 -0.066838548 -77.981887817 -0.024772510 0.999689102 -0.002824206 0.481095731 0.066748500 0.004472797 0.997759759 27.545534134
0.997679770 0.023216644 -0.063999437 -78.037750244 -0.023335857 0.999727070 -0.001115698 0.467238277 0.063956060 0.002606591 0.997949302 28.301286697
0.997851551 0.020651242 -0.062175505 -78.090698242 -0.020717632 0.999785364 -0.000423194 0.445416868 0.062153414 0.001710414 0.998065114 29.053527832
0.997975111 0.018837668 -0.060751993 -78.140716553 -0.018919647 0.999820709 -0.000774322 0.430611700 0.060726512 0.001922160 0.998152614 29.802989960
0.998004019 0.018530183 -0.060370583 -78.184127808 -0.018756807 0.999819040 -0.003189262 0.421895921 0.060300559 0.004315255 0.998170912 30.545776367
0.998106897 0.015754929 -0.059451140 -78.226371765 -0.016030693 0.999862850 -0.004164406 0.408516765 0.059377365 0.005109565 0.998222530 31.289735794
0.998125613 0.014735541 -0.059399914 -78.268440247 -0.015006672 0.999878883 -0.004120983 0.394268453 0.059331987 0.005004653 0.998225749 32.050029755
0.998143852 0.017952811 -0.058193952 -78.326133728 -0.018161770 0.999830365 -0.003063810 0.381124049 0.058129068 0.004115028 0.998300612 32.821300507
0.998136401 0.018159252 -0.058257814 -78.381004333 -0.018434135 0.999821305 -0.004184429 0.369038492 0.058171410 0.005250562 0.998292804 33.599678040
0.998075902 0.017573217 -0.059460528 -78.435394287 -0.017839724 0.999833047 -0.003954291 0.351325095 0.059381098 0.005007443 0.998222828 34.368167877
0.997977257 0.015513868 -0.061648514 -78.481742859 -0.015761290 0.999869585 -0.003529260 0.337966979 0.061585713 0.004493783 0.998091757 35.147621155
0.997758865 0.016882554 -0.064747728 -78.540481567 -0.017173292 0.999844730 -0.003936374 0.325950444 0.064671211 0.005039484 0.997893929 35.936698914
0.997515738 0.020908110 -0.067268722 -78.606231689 -0.021216091 0.999767482 -0.003867210 0.305989772 0.067172214 0.005284783 0.997727454 36.728153229
0.997337639 0.021284625 -0.069747001 -78.676330566 -0.021939989 0.999721944 -0.008643665 0.290366113 0.069543615 0.010150901 0.997527242 37.533985138
0.997170031 0.022035848 -0.071877353 -78.747589111 -0.022983907 0.999659121 -0.012389551 0.278925180 0.071579836 0.014006510 0.997336447 38.339931488
0.997039557 0.021357447 -0.073864512 -78.810157776 -0.022467658 0.999646306 -0.014232207 0.263051331 0.073534422 0.015849635 0.997166693 39.146526337
0.996875763 0.021358794 -0.076044708 -78.879249573 -0.022365907 0.999672890 -0.012416646 0.237359583 0.075754628 0.014078661 0.997027040 39.979438782
0.996713936 0.019841168 -0.078533582 -78.947212219 -0.020843873 0.999711096 -0.011968780 0.221552014 0.078273386 0.013566395 0.996839762 40.799438477
0.996596038 0.019220395 -0.080167450 -79.018867493 -0.020115251 0.999743819 -0.010369649 0.205213398 0.079947598 0.011946941 0.996727526 41.635288239
0.996484816 0.018233534 -0.081765346 -79.084838867 -0.018820331 0.999802351 -0.006411619 0.186396211 0.081632264 0.007927932 0.996631026 42.472961426
0.996454835 0.018122684 -0.082154393 -79.167541504 -0.018335111 0.999830246 -0.001831951 0.174049869 0.082107246 0.003331767 0.996617913 43.306320190
0.996523440 0.018219614 -0.081296578 -79.242271423 -0.018230887 0.999833643 0.000603692 0.155184492 0.081294075 0.000880515 0.996689737 44.157310486
0.996584713 0.021204902 -0.079807654 -79.310340881 -0.021256177 0.999774039 0.000207111 0.146334395 0.079794019 0.001490002 0.996810198 45.012462616
0.996746242 0.021131497 -0.077784598 -79.382347107 -0.021243634 0.999774277 -0.000614371 0.130335003 0.077754028 0.002264799 0.996969998 45.866416931
0.996922851 0.018779304 -0.076106727 -79.449035645 -0.019059315 0.999814034 -0.002954477 0.115926936 0.076037087 0.004395927 0.997095287 46.724018097
0.997078598 0.014888279 -0.074917749 -79.504600525 -0.015282894 0.999872148 -0.004696742 0.101453006 0.074838243 0.005827979 0.997178674 47.592258453
0.997243047 0.013170769 -0.073026158 -79.570358276 -0.013572781 0.999895334 -0.005011474 0.087202042 0.072952509 0.005988824 0.997317433 48.475273132
0.997335196 0.010815153 -0.072149619 -79.634040833 -0.011002887 0.999937117 -0.002205053 0.067761652 0.072121240 0.002993030 0.997391343 49.349647522
0.997453570 0.008382697 -0.070825450 -79.703330994 -0.008413025 0.999964595 -0.000129887 0.057030786 0.070821859 0.000725412 0.997488797 50.225185394
0.997496784 0.007776745 -0.070281796 -79.763465881 -0.007750838 0.999969780 0.000641322 0.033509064 0.070284657 -0.000094974 0.997526884 51.098098755
0.997571826 0.009408110 -0.069006868 -79.828239441 -0.009609214 0.999950528 -0.002582889 0.014069214 0.068979152 0.003239718 0.997612715 51.966224670
0.997606397 0.012098056 -0.068081617 -79.905525208 -0.012719412 0.999881268 -0.008700524 0.001465380 0.067968264 0.009545656 0.997641802 52.833385468
0.997637987 0.013231771 -0.067403078 -79.961517334 -0.014221318 0.999797702 -0.014222370 -0.019485056 0.067201249 0.015147337 0.997624457 53.701652527
0.997590780 0.017847123 -0.067038521 -80.025886536 -0.019202976 0.999622703 -0.019635245 -0.051649451 0.066662803 0.020875281 0.997557163 54.557006836
0.997691572 0.017755216 -0.065545753 -80.089782715 -0.019134041 0.999607265 -0.020468565 -0.079709888 0.065156594 0.021675469 0.997639596 55.404724121
0.997720838 0.014559240 -0.065887831 -80.140922546 -0.015524070 0.999779224 -0.014155241 -0.106800199 0.065667197 0.015145827 0.997726619 56.256317139
0.997680783 0.014216137 -0.066565976 -80.200958252 -0.014624962 0.999877036 -0.005658357 -0.126527995 0.066477358 0.006618760 0.997765958 57.108722687
0.997656822 0.013219331 -0.067126490 -80.280830383 -0.013058420 0.999910712 0.002835385 -0.162235200 0.067157969 -0.001952176 0.997740448 57.960594177
0.997498691 0.011234652 -0.069785498 -80.337333679 -0.011214073 0.999936938 0.000686679 -0.177174032 0.069788799 0.000097617 0.997561812 58.806964874
0.997381926 0.006171963 -0.072049052 -80.392295837 -0.006409642 0.999974728 -0.003068106 -0.191102013 0.072028302 0.003521882 0.997396350 59.650489807
0.997233748 0.004648324 -0.074182771 -80.465156555 -0.005030272 0.999975085 -0.004962722 -0.207039118 0.074157842 0.005322153 0.997232318 60.484107971
0.996985018 0.007295961 -0.077250525 -80.528091431 -0.007882703 0.999942362 -0.007293089 -0.227808446 0.077192858 0.007880043 0.996985018 61.310653687
0.996723413 0.008171604 -0.080470458 -80.615135193 -0.009049452 0.999903321 -0.010550299 -0.252536476 0.080376454 0.011243944 0.996701300 62.141708374
0.996400893 0.008746520 -0.084312752 -80.690963745 -0.009971631 0.999850512 -0.014120385 -0.273213565 0.084176652 0.014910303 0.996339321 62.961421967
0.996113896 0.011112688 -0.087369978 -80.768638611 -0.012728231 0.999757767 -0.017955527 -0.300036490 0.087149277 0.018997813 0.996014237 63.763359070
0.995759726 0.015918653 -0.090604693 -80.855636597 -0.017577471 0.999691546 -0.017539877 -0.332260609 0.090297535 0.019058105 0.995732486 64.566375732
0.995366037 0.018527007 -0.094356142 -80.942474365 -0.020130014 0.999668300 -0.016065462 -0.354423165 0.094027191 0.017890405 0.995409012 65.376564026
0.994950175 0.021418115 -0.098058619 -81.032691956 -0.022511261 0.999696016 -0.010054993 -0.381134987 0.097813465 0.012211641 0.995129824 66.178077698
0.994533718 0.021381984 -0.102203235 -81.124351501 -0.021976724 0.999747396 -0.004696626 -0.401597798 0.102077007 0.006917047 0.994752467 66.976387024
0.994007766 0.020936485 -0.107285924 -81.214859009 -0.021156827 0.999775767 -0.000915859 -0.422094524 0.107242681 0.003180201 0.994227707 67.768203735
0.993257940 0.020626137 -0.114075929 -81.308410645 -0.020785054 0.999783993 -0.000203695 -0.433274657 0.114047080 0.002573397 0.993471980 68.558959961
0.992640078 0.017968792 -0.119761825 -81.406028748 -0.017668232 0.999837637 0.003571087 -0.447029561 0.119806528 -0.001428823 0.992796242 69.344329834
0.991775692 0.019374540 -0.126513094 -81.507904053 -0.019150037 0.999812126 0.002990630 -0.461000711 0.126547277 -0.000543303 0.991960347 70.126495361
0.990881741 0.024206117 -0.132542014 -81.623558044 -0.024133418 0.999706328 0.002155164 -0.474452615 0.132555261 0.001063178 0.991175056 70.897674561
0.990078449 0.026248608 -0.138042212 -81.748397827 -0.026696585 0.999642611 -0.001394418 -0.488196194 0.137956262 0.005065838 0.990425289 71.657257080
0.989229262 0.025038086 -0.144216493 -81.862236023 -0.025958281 0.999652803 -0.004502244 -0.499605298 0.144053683 0.008197363 0.989535928 72.409706116
0.988383591 0.026390444 -0.149671212 -81.984886169 -0.027528085 0.999605656 -0.005533912 -0.517640233 0.149466127 0.009589789 0.988720357 73.175254822
0.987610102 0.028424146 -0.154331550 -82.112197876 -0.028881043 0.999582529 -0.000718776 -0.527524233 0.154246658 0.005167127 0.988018811 73.941711426
0.986680210 0.029298408 -0.160011768 -82.257095337 -0.029142680 0.999569893 0.003320372 -0.540272117 0.160040244 0.001387027 0.987109542 74.715263367
0.985615432 0.028891891 -0.166515589 -82.388008118 -0.028366731 0.999582350 0.005531839 -0.559087813 0.166605860 -0.000728763 0.986023366 75.472877502
0.984472036 0.026416361 -0.173542723 -82.525321960 -0.026496196 0.999647260 0.001857085 -0.569590211 0.173530564 0.002769974 0.984824657 76.219856262
0.983015120 0.023583123 -0.182002947 -82.672332764 -0.024983183 0.999673247 -0.005403363 -0.580664575 0.181816086 0.009858603 0.983283162 76.965652466
0.981338501 0.020906368 -0.191148251 -82.822753906 -0.022700055 0.999716401 -0.007198581 -0.593600690 0.190943539 0.011403321 0.981534839 77.708206177
0.979165912 0.020741882 -0.201999590 -82.977630615 -0.022051111 0.999747753 -0.004232900 -0.612364471 0.201860905 0.008599028 0.979376435 78.442932129
0.976775289 0.020516180 -0.213281900 -83.148956299 -0.020656930 0.999785244 0.001568805 -0.618563294 0.213268280 0.002873378 0.976989567 79.183181763
0.974096596 0.021938892 -0.225065574 -83.320877075 -0.020314625 0.999748230 0.009530390 -0.631809950 0.225217924 -0.004711396 0.974297166 79.896125793
0.971457481 0.022629347 -0.236131549 -83.509399414 -0.020152062 0.999713719 0.012899570 -0.642674088 0.236355841 -0.007772848 0.971635461 80.620208740
0.968543410 0.025926460 -0.247490272 -83.709640503 -0.024570500 0.999661386 0.008566348 -0.655333221 0.247628540 -0.002215920 0.968852580 81.333831787
0.965435088 0.025518015 -0.259391308 -83.914970398 -0.026602814 0.999645829 -0.000672004 -0.664242923 0.259282321 0.007549316 0.965772152 82.033927917
0.962146401 0.023166055 -0.271546960 -84.125038147 -0.025674660 0.999654174 -0.005688656 -0.667258561 0.271321297 0.012445197 0.962408364 82.740638733
0.958812535 0.022110350 -0.283177704 -84.348907471 -0.023454906 0.999723971 -0.001358199 -0.672925591 0.283069581 0.007944165 0.959066510 83.449775696
0.955459118 0.023374980 -0.294196218 -84.583175659 -0.022554908 0.999726415 0.006180560 -0.685460985 0.294260263 0.000730293 0.955725133 84.169784546
0.951694369 0.023291418 -0.306162357 -84.822097778 -0.020792082 0.999718547 0.011422551 -0.693616629 0.306342304 -0.004505026 0.951910853 84.879554749
0.947512925 0.020806838 -0.319039822 -85.064788818 -0.018760417 0.999778986 0.009486293 -0.699213743 0.319166690 -0.003003065 0.947693825 85.589340210
0.943587482 0.019162290 -0.330568165 -85.316673279 -0.018490577 0.999815643 0.005176775 -0.707607627 0.330606461 0.001227655 0.943767905 86.284027100
0.940917730 0.014633165 -0.338318676 -85.602325439 -0.016076427 0.999869704 -0.001464122 -0.723715723 0.338253200 0.006816574 0.941030443 86.966430664
0.938079476 0.010529361 -0.346260071 -85.863143921 -0.013930526 0.999876142 -0.007335196 -0.733988464 0.346139908 0.011704581 0.938109815 87.668701172
0.935423136 0.010027317 -0.353387952 -86.137039185 -0.014321750 0.999851942 -0.009539272 -0.745506048 0.353239983 0.013984390 0.935428202 88.370391846
0.932422459 0.015988104 -0.361016005 -86.427246094 -0.020692863 0.999743819 -0.009169899 -0.768907607 0.360776991 0.016020676 0.932514429 89.073280334
0.929420650 0.016182669 -0.368667096 -86.716720581 -0.020048838 0.999776840 -0.006658437 -0.789981961 0.368476987 0.013579835 0.929537654 89.765640259
0.926279843 0.016578091 -0.376471668 -87.008010864 -0.017929848 0.999839246 -0.000086667 -0.797545433 0.376409650 0.006830357 0.926428139 90.470977783
0.923401058 0.018492542 -0.383390814 -87.300186157 -0.016680598 0.999828458 0.008050498 -0.807350457 0.383473873 -0.001038650 0.923551083 91.179595947
0.920836329 0.028984973 -0.388870746 -87.620941162 -0.025235239 0.999572754 0.014748009 -0.821664691 0.389132053 -0.003767257 0.921174288 91.873695374
0.918082774 0.035059065 -0.394835293 -87.922531128 -0.032979716 0.999383330 0.012053976 -0.825096488 0.395014405 0.001955011 0.918672860 92.553115845
0.915698707 0.031487148 -0.400629997 -88.229064941 -0.032431670 0.999464154 0.004424618 -0.828605831 0.400554687 0.008941484 0.916229248 93.238830566
0.913816094 0.023928922 -0.405422837 -88.538299561 -0.027537856 0.999616027 -0.003070376 -0.836799145 0.405193686 0.013970235 0.914124191 93.926811218
0.911923945 0.024299372 -0.409639210 -88.850242615 -0.028243387 0.999594688 -0.003579499 -0.844420195 0.409386188 0.014833832 0.912240624 94.623710632
0.909974813 0.031200342 -0.413488150 -89.200912476 -0.033540774 0.999436080 0.001599775 -0.858044326 0.413304925 0.012412960 0.910508096 95.314338684
0.907390118 0.033739809 -0.418933004 -89.533363342 -0.034475248 0.999388635 0.005816412 -0.868279576 0.418873042 0.009165066 0.907998562 96.021697998
0.905096352 0.029872607 -0.424155921 -89.860000610 -0.031197960 0.999505937 0.003820983 -0.881931901 0.424060464 0.009774440 0.905581176 96.718101501
0.902929187 0.028747536 -0.428827167 -90.202545166 -0.032644451 0.999465466 -0.001733663 -0.901590526 0.428548127 0.015564199 0.903384924 97.402168274
0.900806129 0.026005751 -0.433442235 -90.548217773 -0.032976661 0.999419451 -0.008570731 -0.910105824 0.432967663 0.022014039 0.901140690 98.095779419
