0.999996841 0.002502849 -0.000562874 -0.000923138 -0.002503701 0.999995708 -0.001516063 0.005936847 0.000559077 0.001517467 0.999998629 0.050657585
0.999994159 0.003285093 -0.000923620 -0.001186928 -0.003286591 0.999993265 -0.001625476 0.008639473 0.000918274 0.001628502 0.999998271 0.075453401
0.999990761 0.004129390 -0.001196358 -0.001616519 -0.004132160 0.999988794 -0.002322280 0.011518175 0.001186755 0.002327202 0.999996603 0.100312315
0.999989748 0.004265920 -0.001536452 -0.001796868 -0.004269673 0.999987900 -0.002448256 0.014291555 0.001525990 0.002454792 0.999995828 0.124934465
0.999991596 0.003838063 -0.001449302 -0.002209103 -0.003841322 0.999990165 -0.002252273 0.017104290 0.001440643 0.002257822 0.999996305 0.149687931
0.999993622 0.003387783 -0.001208722 -0.002530875 -0.003389448 0.999993265 -0.001378161 0.019846961 0.001204045 0.001382249 0.999998212 0.174227670
0.999994159 0.002887256 -0.001823955 -0.002578353 -0.002889001 0.999995351 -0.000954492 0.022357628 0.001821191 0.000959756 0.999997795 0.197755441
0.999996424 0.002260305 -0.001511239 -0.003215203 -0.002261007 0.999997437 -0.000463035 0.025121585 0.001510189 0.000466450 0.999998748 0.221842274
0.999996543 0.002134822 -0.001534055 -0.003410177 -0.002134160 0.999997675 0.000433507 0.027772341 0.001534977 -0.000430231 0.999998689 0.245295241
0.999997437 0.001398188 -0.001795218 -0.003641629 -0.001396872 0.999998748 0.000734153 0.030376276 0.001796243 -0.000731644 0.999998093 0.268478215
0.999998987 -0.000032606 -0.001499726 -0.004024518 0.000034611 0.999999166 0.001336721 0.032799579 0.001499681 -0.001336772 0.999997914 0.291955769
0.999998510 -0.000255700 -0.001693661 -0.004278644 0.000256934 0.999999702 0.000728130 0.035533343 0.001693474 -0.000728564 0.999998271 0.314527303
0.999998510 -0.000010106 -0.001729811 -0.004747027 0.000012066 0.999999404 0.001133452 0.038244780 0.001729798 -0.001133471 0.999997854 0.337365061
0.999997556 -0.001092867 -0.001990070 -0.004818345 0.001096263 0.999997914 0.001706249 0.040781930 0.001988202 -0.001708426 0.999996483 0.359829903
0.999996722 -0.001735375 -0.001875759 -0.005167544 0.001738719 0.999996841 0.001782900 0.043258015 0.001872659 -0.001786155 0.999996662 0.382180870
0.999993026 -0.003077375 -0.002086396 -0.005290374 0.003079709 0.999994576 0.001116644 0.045771264 0.002082949 -0.001123062 0.999997199 0.404059380
0.999991298 -0.003703088 -0.001926078 -0.005660850 0.003702204 0.999993026 -0.000462645 0.048372328 0.001927778 0.000455510 0.999998033 0.426026374
0.999994338 -0.002185320 -0.002556347 -0.006024450 0.002185863 0.999997616 0.000209891 0.050481956 0.002555882 -0.000215478 0.999996722 0.446914941
0.999994695 -0.002270506 -0.002342548 -0.006317378 0.002270522 0.999997497 0.000004227 0.052789491 0.002342533 -0.000009546 0.999997318 0.468195796
0.999994576 -0.002824658 -0.001666720 -0.006707400 0.002824680 0.999996006 0.000010702 0.055332359 0.001666683 -0.000015410 0.999998629 0.489341497
0.999996424 -0.002100972 -0.001672528 -0.007220993 0.002102067 0.999997616 0.000653141 0.057854142 0.001671151 -0.000656655 0.999998391 0.510349810
0.999994576 -0.002393413 -0.002234110 -0.007203992 0.002397481 0.999995470 0.001819496 0.060068067 0.002229744 -0.001824842 0.999995828 0.530940115
0.999995112 -0.002181372 -0.002208710 -0.007687437 0.002186394 0.999994993 0.002273806 0.062484942 0.002203739 -0.002278625 0.999994934 0.551500142
0.999997020 -0.000964291 -0.002239826 -0.007867629 0.000969802 0.999996483 0.002460713 0.064570539 0.002237445 -0.002462878 0.999994457 0.571481705
0.999997675 -0.000209280 -0.002173036 -0.008289225 0.000211982 0.999999225 0.001243268 0.066943727 0.002172774 -0.001243725 0.999996901 0.591301918
0.999997377 -0.000534821 -0.002233459 -0.008525619 0.000536034 0.999999702 0.000542441 0.069022208 0.002233168 -0.000543637 0.999997377 0.610981524
0.999995649 -0.001114334 -0.002738180 -0.008789556 0.001115098 0.999999285 0.000277548 0.071207613 0.002737868 -0.000280601 0.999996245 0.629928887
0.999995232 -0.001082248 -0.002889891 -0.009000961 0.001083120 0.999999344 0.000300302 0.073555410 0.002889564 -0.000303430 0.999995768 0.649677575
0.999996126 -0.000903326 -0.002642971 -0.009214863 0.000904293 0.999999464 0.000364406 0.075635269 0.002642641 -0.000366794 0.999996483 0.668092489
0.999996424 -0.000706015 -0.002555627 -0.009497177 0.000706530 0.999999702 0.000200735 0.077755973 0.002555484 -0.000202540 0.999996722 0.687520683
0.999996662 0.000417213 -0.002516745 -0.009888392 -0.000417615 0.999999821 -0.000159010 0.079922900 0.002516678 0.000160060 0.999996841 0.706443906
0.999996305 0.000883508 -0.002566870 -0.010079174 -0.000884903 0.999999464 -0.000542397 0.081793420 0.002566390 0.000544667 0.999996603 0.724506676
0.999996245 0.001287110 -0.002417742 -0.010516432 -0.001291553 0.999997437 -0.001836770 0.084079169 0.002415372 0.001839886 0.999995410 0.743027091
0.999994576 0.001684931 -0.002809329 -0.010502710 -0.001690827 0.999996364 -0.002097490 0.085817300 0.002805785 0.002102229 0.999993920 0.760772347
0.999996126 0.000767271 -0.002674790 -0.010567648 -0.000774632 0.999995947 -0.002751975 0.088015206 0.002672667 0.002754036 0.999992669 0.779212713
0.999995410 0.001083668 -0.002807590 -0.011065895 -0.001090016 0.999996841 -0.002260354 0.089983366 0.002805131 0.002263403 0.999993503 0.796842217
0.999993682 0.002176552 -0.002780652 -0.011476314 -0.002185795 0.999992132 -0.003325270 0.092189230 0.002773392 0.003331326 0.999990582 0.814985335
0.999990225 0.003688691 -0.002434435 -0.011741327 -0.003694525 0.999990284 -0.002396449 0.093830593 0.002425572 0.002405419 0.999994159 0.832536221
0.999985516 0.004739566 -0.002528673 -0.012204029 -0.004745172 0.999986231 -0.002215258 0.095875598 0.002518138 0.002227224 0.999994338 0.849981904
0.999994397 0.002720384 -0.001914186 -0.012453405 -0.002726367 0.999991417 -0.003130177 0.097624391 0.001905654 0.003135379 0.999993265 0.867459595
0.999993503 0.002694758 -0.002364926 -0.012444357 -0.002704754 0.999987364 -0.004233778 0.099806882 0.002353487 0.004240147 0.999988198 0.885667801
0.999993801 0.002373387 -0.002608447 -0.012793610 -0.002383375 0.999989808 -0.003832608 0.101795815 0.002599325 0.003838801 0.999989212 0.902322948
0.999996424 0.001664175 -0.002083955 -0.013086446 -0.001673976 0.999987483 -0.004709879 0.103850298 0.002076091 0.004713350 0.999986768 0.919536710
0.999996960 0.001745131 -0.001731679 -0.013319229 -0.001754537 0.999983668 -0.005444875 0.105835862 0.001722148 0.005447896 0.999983668 0.936707258
0.999994516 0.002761023 -0.001815777 -0.013259333 -0.002773260 0.999973238 -0.006771632 0.107288629 0.001797032 0.006776631 0.999975443 0.954436898
0.999994338 0.003043998 -0.001371572 -0.013645216 -0.003051259 0.999981165 -0.005322502 0.109034039 0.001355344 0.005326657 0.999984920 0.971213520
0.999996364 0.002052707 -0.001752016 -0.013601587 -0.002060671 0.999987483 -0.004555852 0.110869639 0.001742642 0.004559446 0.999988139 0.988335133
0.999997020 0.001318952 -0.002029083 -0.013740717 -0.001328435 0.999988139 -0.004679127 0.115139179 0.002022888 0.004681809 0.999987006 1.023512721
0.999997854 0.001565766 -0.001397044 -0.014169954 -0.001572494 0.999987066 -0.004828164 0.117042936 0.001389466 0.004830350 0.999987423 1.040355563
0.999998689 0.001450160 -0.000635279 -0.014449976 -0.001452729 0.999990761 -0.004061225 0.118812077 0.000629383 0.004062142 0.999991536 1.057375550
0.999998450 0.001078286 -0.001397037 -0.014297457 -0.001084056 0.999990880 -0.004135625 0.120920926 0.001392565 0.004137134 0.999990463 1.074671268
0.999998868 0.000447276 -0.001401514 -0.014687875 -0.000453777 0.999989092 -0.004642020 0.123090103 0.001399423 0.004642650 0.999988317 1.091659427
0.999999166 -0.000595456 -0.001154936 -0.014841334 0.000590323 0.999990046 -0.004440151 0.125027403 0.001157568 0.004439466 0.999989510 1.109058380
0.999998391 -0.001190048 -0.001304402 -0.014744353 0.001184515 0.999990344 -0.004234318 0.126977533 0.001309428 0.004232766 0.999990165 1.126028657
0.999999046 -0.000887871 -0.001030068 -0.015087848 0.000883617 0.999991179 -0.004122829 0.128945649 0.001033719 0.004121915 0.999990940 1.142777205
0.999998808 -0.001352704 -0.000696714 -0.015271444 0.001349957 0.999991477 -0.003927708 0.130679950 0.000702021 0.003926762 0.999992073 1.159465313
0.999996066 -0.002591504 -0.001049146 -0.015087502 0.002587550 0.999989569 -0.003751640 0.132656813 0.001058858 0.003748912 0.999992371 1.176526189
0.999996841 -0.002260690 -0.001050625 -0.015295878 0.002257245 0.999992073 -0.003268889 0.134613886 0.001058006 0.003266508 0.999994099 1.193431497
0.999993801 -0.003327037 -0.001174030 -0.015322474 0.003323416 0.999989808 -0.003072749 0.136497885 0.001184241 0.003068829 0.999994636 1.210269690
0.999994338 -0.003249569 -0.000886355 -0.015630566 0.003246309 0.999988019 -0.003654317 0.138556868 0.000898220 0.003651419 0.999992907 1.226791382
0.999996185 -0.002605848 -0.000959419 -0.016024077 0.002602146 0.999989271 -0.003838983 0.140440315 0.000969412 0.003836472 0.999992192 1.243846059
0.999995530 -0.002770058 -0.001133685 -0.016218700 0.002764879 0.999985754 -0.004544768 0.142564863 0.001146258 0.004541612 0.999989033 1.260639310
0.999994278 -0.003070244 -0.001425753 -0.016696982 0.003063208 0.999983251 -0.004911208 0.146290451 0.001440807 0.004906812 0.999986947 1.293597698
0.999994218 -0.003072413 -0.001455110 -0.017088838 0.003064677 0.999981344 -0.005289487 0.148274347 0.001471334 0.005284996 0.999984980 1.310232043
0.999993682 -0.002849163 -0.002126518 -0.017519675 0.002835097 0.999974191 -0.006588839 0.152170599 0.002145236 0.006582770 0.999975979 1.343657970
0.999993801 -0.002797756 -0.002160266 -0.017905058 0.002782096 0.999970019 -0.007218313 0.154134497 0.002180396 0.007212259 0.999971628 1.360475063
0.999995112 -0.002213468 -0.002211626 -0.018404726 0.002195957 0.999966383 -0.007888796 0.156123996 0.002229014 0.007883902 0.999966443 1.377354860
0.999993324 -0.002308519 -0.002830538 -0.018361289 0.002285871 0.999965549 -0.007978551 0.157882869 0.002848859 0.007972027 0.999964178 1.394305468
0.999991775 -0.002379249 -0.003278496 -0.018414052 0.002353104 0.999965549 -0.007955518 0.159651175 0.003297311 0.007947738 0.999963045 1.410948992
0.999991238 -0.001940327 -0.003691401 -0.018819785 0.001909803 0.999964058 -0.008254455 0.161764085 0.003707284 0.008247334 0.999959052 1.428011060
0.999989986 -0.001295251 -0.004278196 -0.018799264 0.001257504 0.999960363 -0.008814242 0.163965538 0.004289443 0.008808774 0.999952018 1.445589423
0.999985695 0.000952568 -0.005264029 -0.019951746 -0.001001545 0.999956131 -0.009309373 0.169738352 0.005254931 0.009314511 0.999942839 1.496988416
0.999981046 0.000161357 -0.006157029 -0.020191774 -0.000219084 0.999956012 -0.009376218 0.171887413 0.006155246 0.009377390 0.999936998 1.514888406
0.999977648 -0.000482556 -0.006665869 -0.020651013 0.000418809 0.999954224 -0.009561243 0.173859075 0.006670177 0.009558239 0.999931991 1.532433629
0.999973595 -0.000531548 -0.007255148 -0.020911273 0.000463045 0.999955297 -0.009440330 0.175502688 0.007259843 0.009436720 0.999929070 1.549721241
0.999963582 -0.001926750 -0.008311278 -0.021202665 0.001849445 0.999955058 -0.009298853 0.177842826 0.008328822 0.009283143 0.999922216 1.567526102
0.999960423 -0.002061838 -0.008647993 -0.022116510 0.001986181 0.999959767 -0.008747998 0.179821610 0.008665683 0.008730475 0.999924302 1.584859848
0.999949992 -0.003256474 -0.009449789 -0.022319907 0.003182457 0.999964237 -0.007837208 0.181699499 0.009474974 0.007806742 0.999924600 1.602486014
0.999936521 -0.003367660 -0.010754435 -0.022614764 0.003291380 0.999969304 -0.007102806 0.184179053 0.010778026 0.007066957 0.999916971 1.621845007
0.999926388 -0.002622714 -0.011849114 -0.022795539 0.002548049 0.999976873 -0.006311985 0.186186865 0.011865393 0.006281328 0.999909937 1.639471173
0.999909937 -0.002107193 -0.013258011 -0.023227509 0.002030764 0.999981225 -0.005775573 0.188482732 0.013269934 0.005748129 0.999895394 1.657807589
0.999901235 -0.003169136 -0.013694132 -0.024241526 0.003092574 0.999979496 -0.005608400 0.190684363 0.013711626 0.005565497 0.999890447 1.677434683
0.999880195 -0.002864729 -0.015211976 -0.024312837 0.002773149 0.999977946 -0.006037863 0.193154722 0.015228936 0.005994955 0.999866009 1.695144176
0.999865830 -0.003327163 -0.016046841 -0.025353139 0.003219867 0.999972343 -0.006707643 0.195552990 0.016068714 0.006655073 0.999848723 1.714818120
0.999847651 -0.005027651 -0.016717508 -0.025905430 0.004909743 0.999962807 -0.007086571 0.197301641 0.016752519 0.007003413 0.999835074 1.733446836
0.999827504 -0.005746499 -0.017663307 -0.026513830 0.005600264 0.999949634 -0.008317309 0.199737221 0.017710218 0.008216957 0.999809325 1.752520084
0.999817073 -0.006128607 -0.018115148 -0.027017176 0.005963046 0.999940038 -0.009179343 0.201680481 0.018170323 0.009069643 0.999793708 1.770985603
0.999813080 -0.005950243 -0.018397218 -0.027979694 0.005766616 0.999933183 -0.010018229 0.203818068 0.018455599 0.009910265 0.999780536 1.790188551
0.999819279 -0.004453391 -0.018486591 -0.029083654 0.004246493 0.999928117 -0.011215952 0.206574529 0.018535212 0.011135421 0.999766171 1.810192347
0.999796927 -0.005942429 -0.019255497 -0.029550597 0.005720997 0.999917030 -0.011534439 0.208381474 0.019322444 0.011421936 0.999748051 1.829167962
0.999777138 -0.007116394 -0.019881118 -0.030987320 0.006860225 0.999892950 -0.012923713 0.214688897 0.019970963 0.012784440 0.999718845 1.887483120
0.999774039 -0.007353863 -0.019947341 -0.031388845 0.007087498 0.999885261 -0.013391407 0.217017949 0.020043531 0.013247004 0.999711394 1.907887697
0.999767303 -0.008450232 -0.019850945 -0.032023579 0.008192305 0.999881506 -0.013038736 0.219022900 0.019958774 0.012873074 0.999717891 1.927374840
0.999765515 -0.009012921 -0.019696197 -0.032834187 0.008770279 0.999884963 -0.012371083 0.221251145 0.019805433 0.012195440 0.999729455 1.946817875
0.999777615 -0.008424233 -0.019336179 -0.033712775 0.008200045 0.999898612 -0.011644346 0.223380849 0.019432310 0.011483198 0.999745250 1.966524243
0.999778569 -0.008566124 -0.019221947 -0.034315299 0.008351518 0.999902189 -0.011217273 0.225570410 0.019316154 0.011054257 0.999752283 1.986865878
0.999788702 -0.007715852 -0.019050645 -0.035047118 0.007494604 0.999904037 -0.011657852 0.227980316 0.019138768 0.011512616 0.999750495 2.007140160
0.999808371 -0.005645616 -0.018738227 -0.036095399 0.005416876 0.999910593 -0.012235457 0.230151087 0.018805629 0.012131614 0.999749541 2.026830912
0.999809802 -0.004914734 -0.018872969 -0.035954818 0.004672692 0.999906540 -0.012847501 0.232396200 0.018934343 0.012756871 0.999739289 2.048383951
0.999821186 -0.004161795 -0.018449204 -0.037384991 0.003914270 0.999902129 -0.013432360 0.234586567 0.018503295 0.013357745 0.999739528 2.067662001
0.999821544 -0.004450269 -0.018363819 -0.037548076 0.004192528 0.999892592 -0.014049838 0.237178296 0.018424366 0.013970342 0.999732614 2.087891817
0.999830484 -0.005587816 -0.017544322 -0.038485654 0.005342404 0.999887705 -0.014003883 0.239655674 0.017620593 0.013907783 0.999747992 2.108215809
0.999815762 -0.007082514 -0.017841591 -0.038164444 0.006852529 0.999893069 -0.012918705 0.241442084 0.017931178 0.012794063 0.999757290 2.129558563
0.999835074 -0.007041396 -0.016745588 -0.039308775 0.006838713 0.999903023 -0.012130292 0.243775070 0.016829379 0.012013771 0.999786198 2.149523020
0.999844670 -0.006720374 -0.016291272 -0.039914504 0.006543461 0.999919295 -0.010888472 0.246125638 0.016363131 0.010780178 0.999808013 2.170126677
0.999854028 -0.005430879 -0.016197128 -0.040385090 0.005275443 0.999939799 -0.009623830 0.247990310 0.016248416 0.009536979 0.999822497 2.190850019
0.999859929 -0.003848490 -0.016287418 -0.041214153 0.003708244 0.999955952 -0.008632093 0.250213921 0.016319919 0.008570487 0.999830067 2.211600542
0.999872327 -0.003648721 -0.015554501 -0.042161915 0.003515387 0.999956846 -0.008590773 0.252676845 0.015585176 0.008534996 0.999842048 2.232714415
0.999857128 -0.004700761 -0.016235694 -0.041986857 0.004560058 0.999951839 -0.008692387 0.255396605 0.016275775 0.008617109 0.999830425 2.254231930
0.999856651 -0.006173457 -0.015767092 -0.042576239 0.006027374 0.999938607 -0.009295821 0.257856190 0.015823515 0.009199454 0.999832511 2.275403261
0.999860466 -0.007138360 -0.015099789 -0.043331034 0.006994578 0.999929845 -0.009553555 0.260203570 0.015166930 0.009446608 0.999840319 2.296228170
0.999845624 -0.008316223 -0.015474241 -0.043372855 0.008177846 0.999926150 -0.008984303 0.262391210 0.015547816 0.008856369 0.999839902 2.317102194
0.999863267 -0.007888044 -0.014528353 -0.044257395 0.007747386 0.999922752 -0.009712616 0.264889449 0.014603846 0.009598732 0.999847293 2.338099957
0.999850631 -0.009273960 -0.014574993 -0.044713043 0.009143583 0.999917805 -0.008986549 0.267037839 0.014657136 0.008851938 0.999853373 2.359597683
0.999857545 -0.008520213 -0.014564691 -0.045239173 0.008398243 0.999929249 -0.008415081 0.269985080 0.014635358 0.008291563 0.999858439 2.381726027
0.999851108 -0.009734450 -0.014244091 -0.045699853 0.009630772 0.999926746 -0.007329252 0.272460908 0.014314393 0.007190980 0.999871671 2.402725458
0.999846935 -0.010860642 -0.013709894 -0.046165116 0.010769214 0.999919415 -0.006725123 0.274996459 0.013781829 0.006576450 0.999883354 2.424049854
0.999856293 -0.010475864 -0.013324485 -0.047160137 0.010395596 0.999927461 -0.006079084 0.277574480 0.013387202 0.005939695 0.999892712 2.445816278
0.999846101 -0.011101199 -0.013575583 -0.047235884 0.011017827 0.999920070 -0.006200574 0.279894531 0.013643329 0.006050047 0.999888599 2.468605042
0.999845445 -0.011204798 -0.013537825 -0.047565930 0.011118387 0.999917388 -0.006441317 0.282567531 0.013608878 0.006289802 0.999887645 2.491259098
0.999843836 -0.011831308 -0.013119025 -0.048383713 0.011738273 0.999905586 -0.007145870 0.285058647 0.013202330 0.006990758 0.999888420 2.512562037
0.999847472 -0.011346065 -0.013278249 -0.048534259 0.011226942 0.999896348 -0.009011564 0.287637562 0.013379116 0.008861118 0.999871194 2.536366701
0.999863148 -0.010150875 -0.013063181 -0.049457490 0.010001948 0.999884784 -0.011415755 0.290245205 0.013177556 0.011283536 0.999849498 2.558506727
0.999873221 -0.009043085 -0.013107371 -0.050067179 0.008865890 0.999869287 -0.013514387 0.292259932 0.013227868 0.013396466 0.999822736 2.580693007
0.999879360 -0.007963906 -0.013334285 -0.050639406 0.007751353 0.999843299 -0.015916906 0.294922441 0.013458954 0.015811624 0.999784410 2.603808165
0.999887824 -0.005323999 -0.013999877 -0.051236521 0.005062515 0.999813378 -0.018647101 0.297367901 0.014096539 0.018574137 0.999728143 2.626623392
0.999892473 -0.004468617 -0.013972676 -0.051563904 0.004182295 0.999782085 -0.020454060 0.299546480 0.014061034 0.020393420 0.999693096 2.648355007
0.999898612 -0.004343082 -0.013559715 -0.052805092 0.004051826 0.999762058 -0.021433547 0.302377731 0.013649574 0.021376433 0.999678314 2.671808243
0.999900281 -0.003285210 -0.013732825 -0.053509891 0.002978929 0.999747694 -0.022264082 0.304916918 0.013802501 0.022220952 0.999657810 2.694524765
0.999898970 -0.002305058 -0.014023168 -0.053866856 0.002042167 0.999822497 -0.018732369 0.307253659 0.014063857 0.018701844 0.999726176 2.717056274
0.999909759 0.000934723 -0.013401758 -0.055441890 -0.001080751 0.999940038 -0.010893107 0.312010318 0.013390775 0.010906610 0.999850869 2.763890505
0.999896348 0.001766627 -0.014290092 -0.055602562 -0.001883191 0.999965012 -0.008147631 0.314748526 0.014275198 0.008173700 0.999864697 2.786903381
0.999910295 0.001827321 -0.013269980 -0.056558475 -0.001938521 0.999963045 -0.008371731 0.317163050 0.013254193 0.008396704 0.999876916 2.809623480
0.999911726 0.002456703 -0.013052464 -0.057071187 -0.002560434 0.999965250 -0.007936480 0.319664687 0.013032511 0.007969202 0.999883235 2.833289146
0.999910057 0.004094500 -0.012770087 -0.057778277 -0.004232569 0.999932647 -0.010803722 0.322336316 0.012724991 0.010856803 0.999860048 2.856220722
0.999918044 0.002703848 -0.012510008 -0.058558062 -0.002848388 0.999929190 -0.011550575 0.325006306 0.012477892 0.011585261 0.999854982 2.878917456
0.999913990 0.002332860 -0.012900547 -0.058831155 -0.002489232 0.999923587 -0.012118657 0.327593744 0.012871290 0.012149728 0.999843359 2.903464079
0.999919772 0.002904121 -0.012331232 -0.059795357 -0.003053315 0.999922156 -0.012097301 0.330613226 0.012295143 0.012133982 0.999850810 2.927081108
0.999918938 0.002970281 -0.012376939 -0.060111336 -0.003122318 0.999919653 -0.012282729 0.332915127 0.012339463 0.012320379 0.999847949 2.949744463
0.999913692 0.003051477 -0.012781032 -0.060486160 -0.003210387 0.999917567 -0.012431237 0.335752219 0.012742043 0.012471195 0.999841034 2.974598646
0.999915779 0.003078909 -0.012611929 -0.061009981 -0.003231719 0.999921441 -0.012113934 0.338310808 0.012573642 0.012153671 0.999846995 2.998193979
0.999920011 0.002884345 -0.012320044 -0.061730608 -0.003021433 0.999933541 -0.011123097 0.340930015 0.012287141 0.011159431 0.999862254 3.022031069
0.999915004 0.003441358 -0.012575637 -0.062069148 -0.003572274 0.999939620 -0.010402652 0.343478799 0.012539075 0.010446692 0.999866784 3.046030045
0.999913692 0.003518838 -0.012658540 -0.062603563 -0.003644719 0.999944091 -0.009935019 0.346085727 0.012622873 0.009980299 0.999870479 3.069497585
0.999912322 0.004281986 -0.012536804 -0.063260674 -0.004403092 0.999943793 -0.009648356 0.348605663 0.012494786 0.009702710 0.999874890 3.093071699
0.999913990 0.003962020 -0.012502762 -0.063677877 -0.004077933 0.999948800 -0.009259100 0.351611346 0.012465437 0.009309288 0.999878883 3.118270874
0.999915600 0.004077835 -0.012331944 -0.064331554 -0.004186674 0.999952316 -0.008812921 0.354397237 0.012295419 0.008863806 0.999885082 3.142650604
0.999911845 0.005007057 -0.012293315 -0.064880073 -0.005115411 0.999948263 -0.008798514 0.357155621 0.012248622 0.008860623 0.999885678 3.166566610
0.999910116 0.005167288 -0.012369500 -0.065348051 -0.005277341 0.999946773 -0.008881089 0.359571755 0.012322950 0.008945570 0.999884069 3.190630198
0.999911547 0.004704202 -0.012439611 -0.065823928 -0.004821120 0.999944389 -0.009385610 0.362582564 0.012394766 0.009444755 0.999878526 3.215027094
0.999914110 0.004542389 -0.012291390 -0.066526100 -0.004662097 0.999941826 -0.009728055 0.365194321 0.012246488 0.009784523 0.999877095 3.239738226
0.999914348 0.004459684 -0.012307012 -0.066924781 -0.004576962 0.999944210 -0.009517566 0.367625952 0.012263880 0.009573082 0.999878943 3.263441801
0.999921739 0.004174550 -0.011793970 -0.067687348 -0.004288180 0.999944389 -0.009625752 0.370414704 0.011753133 0.009675574 0.999884069 3.288077831
0.999928236 0.004841124 -0.010955791 -0.069249392 -0.004948949 0.999939382 -0.009836301 0.376023412 0.010907507 0.009889815 0.999891579 3.336960793
0.999913752 0.006693596 -0.011293467 -0.069534048 -0.006802523 0.999930441 -0.009634492 0.378834009 0.011228193 0.009710487 0.999889731 3.361979485
0.999912202 0.007502007 -0.010920168 -0.070194416 -0.007606251 0.999925554 -0.009535986 0.381453216 0.010847818 0.009618212 0.999894857 3.386741400
0.999908686 0.008387646 -0.010595298 -0.070781104 -0.008495909 0.999911785 -0.010214732 0.384347260 0.010508685 0.010303816 0.999891639 3.411230564
0.999915242 0.007975887 -0.010283339 -0.071191207 -0.008084199 0.999911785 -0.010534662 0.386909842 0.010198410 0.010616903 0.999891639 3.436332941
0.999911785 0.009163387 -0.009616859 -0.071938202 -0.009274150 0.999890447 -0.011536884 0.389672667 0.009510090 0.011625056 0.999887228 3.460992098
0.999925852 0.008540164 -0.008684731 -0.072675996 -0.008642099 0.999893427 -0.011768114 0.392358035 0.008583303 0.011842295 0.999893069 3.485582352
0.999929905 0.008356241 -0.008386258 -0.072899580 -0.008447782 0.999904394 -0.010940364 0.395036429 0.008294037 0.011010441 0.999904990 3.511107206
0.999938726 0.007418801 -0.008218535 -0.073032349 -0.007513701 0.999904692 -0.011576978 0.397842854 0.008131865 0.011638019 0.999899209 3.536037207
0.999950945 0.007139881 -0.006868434 -0.074182898 -0.007207721 0.999924898 -0.009903457 0.403530598 0.006797209 0.009952476 0.999927282 3.587219954
0.999971032 0.005304717 -0.005470932 -0.074877076 -0.005345979 0.999957144 -0.007554940 0.412153631 0.005430622 0.007583969 0.999956429 3.662856579
0.999975264 0.005225529 -0.004710007 -0.075589500 -0.005258576 0.999961436 -0.007031186 0.414841205 0.004673085 0.007055780 0.999964178 3.688961029
0.999977648 0.005306916 -0.004057683 -0.075977601 -0.005339719 0.999952734 -0.008116545 0.417669892 0.004014418 0.008138031 0.999958813 3.714125395
0.999980807 0.004884004 -0.003801652 -0.076344356 -0.004919820 0.999943078 -0.009469471 0.420723796 0.003755186 0.009487993 0.999947965 3.740141153
0.999983191 0.004608246 -0.003522120 -0.076568834 -0.004644354 0.999936044 -0.010313191 0.423532993 0.003474369 0.010329375 0.999940693 3.765785933
0.999978423 0.005514102 -0.003564843 -0.076774448 -0.005553186 0.999923527 -0.011048677 0.426299483 0.003503647 0.011068236 0.999932647 3.790931702
0.999981046 0.005474771 -0.002819544 -0.077417381 -0.005506934 0.999918401 -0.011528493 0.429305047 0.002756199 0.011543802 0.999929488 3.817425251
0.999982238 0.005535412 -0.002213871 -0.077860892 -0.005560663 0.999917567 -0.011566713 0.432305306 0.002149662 0.011578816 0.999930620 3.842677355
0.999983728 0.005288427 -0.002136372 -0.077969253 -0.005311872 0.999924004 -0.011122479 0.435320944 0.002077389 0.011133647 0.999935865 3.868549347
0.999984026 0.005492666 -0.001350857 -0.078609675 -0.005505365 0.999938905 -0.009583722 0.437923878 0.001298135 0.009591006 0.999953091 3.894929647
0.999969840 0.007656336 -0.001363438 -0.078879081 -0.007667184 0.999937475 -0.008137655 0.440919757 0.001301049 0.008147862 0.999965906 3.920352697
0.999907076 0.013504719 -0.001838384 -0.079390652 -0.013513271 0.999897599 -0.004721530 0.443672240 0.001774433 0.004745933 0.999987185 3.945761204
0.999854267 0.016920069 -0.002238369 -0.080163389 -0.016923724 0.999855459 -0.001624401 0.447221160 0.002210560 0.001662046 0.999996185 3.973402739
0.999895036 0.014406608 -0.001474836 -0.080439262 -0.014408031 0.999895692 -0.000957785 0.450255841 0.001460884 0.000978933 0.999998510 3.998969078
0.999922454 0.012366681 -0.001456652 -0.080694132 -0.012366040 0.999923408 0.000447242 0.453426361 0.001462072 -0.000429194 0.999998868 4.025357246
0.999965608 0.008212787 -0.001162025 -0.081376359 -0.008215884 0.999962568 -0.002685650 0.459197015 0.001139925 0.002695105 0.999995768 4.077076435
0.999962807 0.008562241 -0.001046467 -0.081345141 -0.008568008 0.999947429 -0.005637274 0.462684900 0.000998145 0.005646030 0.999983549 4.103961945
0.999974191 0.007023456 -0.001517491 -0.081194647 -0.007032354 0.999957621 -0.005939631 0.465534568 0.001475710 0.005950149 0.999981225 4.129623413
0.999982536 0.005758280 -0.001351972 -0.082104705 -0.005768791 0.999952137 -0.007904802 0.468765259 0.001306390 0.007912465 0.999967813 4.156215668
0.999991536 0.003545448 -0.002107375 -0.081899561 -0.003562626 0.999959946 -0.008204270 0.471337885 0.002078202 0.008211710 0.999964118 4.181957722
0.999998033 0.000719977 -0.001890503 -0.082340479 -0.000733997 0.999972165 -0.007426190 0.474341512 0.001885103 0.007427562 0.999970615 4.207982540
0.999998331 -0.000416427 -0.001728968 -0.082568891 0.000404545 0.999976277 -0.006866764 0.477402955 0.001731786 0.006866053 0.999974906 4.235191345
0.999997258 -0.001539321 -0.001735436 -0.082843587 0.001528615 0.999979794 -0.006153479 0.480343103 0.001744873 0.006150809 0.999979496 4.260836124
0.999994814 -0.002844926 -0.001523451 -0.083129585 0.002835163 0.999975801 -0.006372959 0.483378798 0.001541545 0.006368607 0.999978542 4.287804127
0.999989927 -0.004286325 -0.001337994 -0.083368145 0.004278088 0.999972224 -0.006100302 0.486074239 0.001364105 0.006094516 0.999980569 4.313240051
0.999983490 -0.005585406 -0.001355415 -0.083828203 0.005576750 0.999964535 -0.006308429 0.489200830 0.001390602 0.006300766 0.999979198 4.340412140
0.999974310 -0.007104137 -0.001004503 -0.084076576 0.007097926 0.999956429 -0.006056929 0.492149591 0.001047489 0.006049643 0.999981225 4.366402626
0.999963999 -0.008425224 -0.000989791 -0.084306248 0.008418879 0.999944985 -0.006248254 0.495010853 0.001042380 0.006239696 0.999980032 4.392456055
0.999954760 -0.009455521 -0.001121562 -0.084621437 0.009448181 0.999934971 -0.006378292 0.497939080 0.001181799 0.006367406 0.999978960 4.419580936
0.999939740 -0.010925305 -0.001078532 -0.084881857 0.010917917 0.999918401 -0.006633278 0.500937104 0.001150915 0.006621102 0.999977410 4.446017742
0.999939919 -0.010920580 -0.000966386 -0.085277498 0.010913848 0.999917805 -0.006717775 0.503741801 0.001039669 0.006706823 0.999976933 4.472351551
0.999924362 -0.012274747 -0.000693163 -0.085592173 0.012269463 0.999898970 -0.007172658 0.506637633 0.000781136 0.007163610 0.999974012 4.498077393
0.999920845 -0.012571546 -0.000672586 -0.085770376 0.012565973 0.999891102 -0.007731896 0.509625852 0.000769714 0.007722831 0.999969900 4.524338722
0.999917746 -0.012821384 -0.000351484 -0.086347617 0.012818174 0.999886036 -0.007977030 0.512713432 0.000453720 0.007971867 0.999968052 4.551570892
0.999915659 -0.012984674 -0.000316689 -0.086471163 0.012981801 0.999885142 -0.007824329 0.515567422 0.000418249 0.007819554 0.999969363 4.577791214
0.999923646 -0.012355833 0.000179906 -0.086920775 0.012356884 0.999891102 -0.008069634 0.518583000 -0.000080179 0.008071239 0.999967396 4.603855133
0.999911368 -0.013221513 0.001515416 -0.087582529 0.013233940 0.999876261 -0.008506325 0.524172902 -0.001402762 0.008525625 0.999962687 4.657203674
0.999895990 -0.014340004 0.001528353 -0.087366149 0.014352891 0.999858439 -0.008783438 0.527203977 -0.001402182 0.008804463 0.999960244 4.683684349
0.999903738 -0.013650189 0.002468806 -0.088040575 0.013672213 0.999864817 -0.009135241 0.530161321 -0.002343775 0.009168115 0.999955237 4.709695816
0.999898136 -0.014032114 0.002586353 -0.088036194 0.014053456 0.999865651 -0.008426798 0.533149958 -0.002467760 0.008462286 0.999961138 4.736978054
0.999895394 -0.014108711 0.003181050 -0.088379540 0.014133901 0.999867618 -0.008040070 0.536243737 -0.003067196 0.008084187 0.999962628 4.763414860
0.999907255 -0.013187584 0.003410031 -0.088713735 0.013213549 0.999882996 -0.007707176 0.539027512 -0.003307993 0.007751519 0.999964416 4.789742947
0.999908864 -0.013050792 0.003459217 -0.088549979 0.013077710 0.999883413 -0.007876839 0.541990936 -0.003356015 0.007921360 0.999962986 4.816888809
0.999909818 -0.012907428 0.003713973 -0.088909008 0.012934545 0.999889135 -0.007372540 0.544823766 -0.003618401 0.007419914 0.999965966 4.842810154
0.999929130 -0.011338037 0.003608293 -0.089108318 0.011364497 0.999908030 -0.007399594 0.547896922 -0.003524064 0.007440078 0.999966085 4.869635582
0.999943137 -0.010033689 0.003617089 -0.089420021 0.010058048 0.999926448 -0.006780111 0.550651550 -0.003548794 0.006816107 0.999970436 4.895599365
0.999948084 -0.009548115 0.003562933 -0.089752540 0.009572391 0.999930680 -0.006859413 0.553762257 -0.003497191 0.006893163 0.999970078 4.922569275
0.999955475 -0.008725830 0.003595855 -0.090000853 0.008752010 0.999934912 -0.007330258 0.556775391 -0.003531658 0.007361403 0.999966681 4.948908806
0.999953270 -0.009040879 0.003413558 -0.090329617 0.009067277 0.999928415 -0.007798774 0.559802115 -0.003342805 0.007829362 0.999963760 4.975004673
0.999959826 -0.008253328 0.003499331 -0.090555742 0.008278979 0.999938428 -0.007380436 0.562683165 -0.003438203 0.007409111 0.999966621 5.001837254
0.999962986 -0.007921800 0.003349308 -0.090618886 0.007947015 0.999939680 -0.007583057 0.565538943 -0.003289035 0.007609394 0.999965608 5.027675629
0.999964774 -0.007484320 0.003792750 -0.090976782 0.007513687 0.999941468 -0.007788618 0.568531752 -0.003734236 0.007816842 0.999962389 5.053559303
0.999964654 -0.007622997 0.003554688 -0.091164328 0.007648807 0.999944031 -0.007304341 0.571359575 -0.003498808 0.007331270 0.999966919 5.080999851
0.999967515 -0.007236324 0.003554827 -0.091379188 0.007261209 0.999948859 -0.007037932 0.574572563 -0.003503717 0.007063515 0.999968886 5.106894493
0.999962568 -0.007829363 0.003688429 -0.091770351 0.007852349 0.999949574 -0.006259453 0.577050388 -0.003639236 0.006288181 0.999973595 5.132954597
0.999967635 -0.006864787 0.004189008 -0.092337623 0.006888706 0.999959886 -0.005722500 0.579770923 -0.004149556 0.005751171 0.999974847 5.158597946
0.999962032 -0.007539409 0.004357243 -0.092448622 0.007564288 0.999954939 -0.005721692 0.583146393 -0.004313909 0.005754435 0.999974072 5.184724331
0.999953687 -0.008997215 0.003401829 -0.092116676 0.009011009 0.999951124 -0.004062261 0.585729420 -0.003365114 0.004092728 0.999985874 5.211178303
0.999961913 -0.008097542 0.003250092 -0.092325561 0.008108101 0.999961793 -0.003249046 0.588782489 -0.003223658 0.003275274 0.999989390 5.237102032
0.999965012 -0.007715553 0.003241631 -0.092708059 0.007724466 0.999966383 -0.002746226 0.591661930 -0.003220333 0.002771170 0.999990940 5.262986660
0.999967575 -0.007403738 0.003159144 -0.092802234 0.007412739 0.999968469 -0.002846914 0.594502449 -0.003137966 0.002870240 0.999990880 5.289150715
0.999964595 -0.007677655 0.003430172 -0.093325898 0.007688522 0.999965489 -0.003166147 0.597585738 -0.003405745 0.003192407 0.999989033 5.314521790
0.999971390 -0.007024439 0.002803582 -0.093205497 0.007033443 0.999970078 -0.003214724 0.600211978 -0.002780917 0.003234352 0.999990821 5.340380669
0.999973774 -0.006704076 0.002747362 -0.093647145 0.006712441 0.999972820 -0.003047045 0.603268623 -0.002726860 0.003065406 0.999991596 5.366960526
0.999972105 -0.006763838 0.003158815 -0.094051979 0.006773367 0.999972463 -0.003015543 0.606726110 -0.003138332 0.003036855 0.999990523 5.393076897
0.999974549 -0.006401408 0.003139192 -0.094295502 0.006410139 0.999975622 -0.002779172 0.609157979 -0.003121325 0.002799224 0.999991238 5.418244362
0.999975741 -0.006454698 0.002614618 -0.094323695 0.006461629 0.999975622 -0.002651076 0.612169504 -0.002597442 0.002667906 0.999993086 5.444619656
0.999975681 -0.006415358 0.002730857 -0.094912864 0.006422834 0.999975622 -0.002737630 0.615255952 -0.002713227 0.002755103 0.999992549 5.470029831
0.999974072 -0.006698309 0.002640777 -0.095111333 0.006703958 0.999975324 -0.002135975 0.618028164 -0.002626404 0.002153623 0.999994278 5.494699955
0.999973238 -0.006782230 0.002718388 -0.095300682 0.006788339 0.999974430 -0.002244423 0.620983422 -0.002703096 0.002262816 0.999993801 5.521224022
0.999976218 -0.006431782 0.002501403 -0.095651895 0.006435423 0.999978244 -0.001450127 0.623675823 -0.002492022 0.001466190 0.999995828 5.546456337
0.999977529 -0.006247549 0.002399540 -0.095932238 0.006252294 0.999978483 -0.001974825 0.627170384 -0.002387151 0.001989784 0.999995232 5.571909428
0.999977589 -0.006423959 0.001858465 -0.096113570 0.006426586 0.999978304 -0.001410961 0.629551470 -0.001849361 0.001422873 0.999997258 5.597484112
0.999981105 -0.005871170 0.001797682 -0.096651457 0.005874667 0.999980807 -0.001946308 0.632417917 -0.001786221 0.001956832 0.999996483 5.622267723
0.999977946 -0.006453721 0.001570714 -0.096874952 0.006456295 0.999977827 -0.001638397 0.635206461 -0.001560106 0.001648501 0.999997437 5.647708893
0.999976873 -0.006713227 0.001082966 -0.097082995 0.006715562 0.999975026 -0.002167013 0.638166070 -0.001068391 0.002174235 0.999997079 5.673083305
0.999972224 -0.007365332 0.001193376 -0.097632945 0.007367709 0.999970853 -0.002000473 0.641041458 -0.001178607 0.002009209 0.999997318 5.698150158
0.999975145 -0.007037844 0.000284788 -0.097619675 0.007038265 0.999974012 -0.001502851 0.643853605 -0.000274204 0.001504818 0.999998808 5.723175526
0.999976158 -0.006890743 0.000485917 -0.098152854 0.006891394 0.999975264 -0.001352013 0.646593213 -0.000476589 0.001355330 0.999998987 5.748502731
0.999969244 -0.007841881 0.000187005 -0.098411478 0.007842163 0.999968052 -0.001545798 0.649247289 -0.000174878 0.001547217 0.999998868 5.773124218
0.999863744 -0.012156032 0.011165936 -0.120026663 0.012215763 0.999911368 -0.005296928 0.664354026 -0.011100557 0.005432607 0.999923646 5.851721764
0.999972224 -0.007317719 -0.001407807 -0.099923372 0.007309001 0.999954700 -0.006100797 0.663045347 0.001452387 0.006090338 0.999980390 5.896875381
0.999970436 -0.007431769 -0.001953134 -0.100011691 0.007418585 0.999950290 -0.006672351 0.665771723 0.002002624 0.006657665 0.999975860 5.921447754
0.999965787 -0.007736894 -0.002907282 -0.100294754 0.007715249 0.999943018 -0.007383387 0.668600082 0.002964241 0.007360704 0.999968529 5.945968628
0.999966979 -0.007562948 -0.002945036 -0.100952946 0.007543987 0.999951065 -0.006397349 0.671397448 0.002993275 0.006374920 0.999975204 5.970251560
0.999958992 -0.008441895 -0.003260504 -0.101130724 0.008423971 0.999949574 -0.005472584 0.673995554 0.003306538 0.005444893 0.999979734 5.995311260
0.999962091 -0.008113862 -0.003137453 -0.101724647 0.008100100 0.999957561 -0.004374682 0.676627874 0.003172815 0.004349102 0.999985516 6.018673420
0.999960005 -0.008289297 -0.003333729 -0.102246955 0.008275683 0.999957442 -0.004076504 0.679051459 0.003367379 0.004048752 0.999986112 6.043495178
0.999968529 -0.006891616 -0.003911362 -0.103420056 0.006876222 0.999968648 -0.003934921 0.684722245 0.003938358 0.003907903 0.999984562 6.092401028
0.999960661 -0.007687940 -0.004422486 -0.103399523 0.007667294 0.999959707 -0.004666498 0.687148809 0.004458183 0.004632406 0.999979317 6.115682125
0.999962330 -0.007323645 -0.004682890 -0.104219198 0.007298476 0.999958932 -0.005369508 0.690237582 0.004722021 0.005335127 0.999974608 6.141005993
0.999954581 -0.008063406 -0.005094985 -0.104445145 0.008035121 0.999952316 -0.005548100 0.693392932 0.005139479 0.005506909 0.999971628 6.165002346
0.999949276 -0.008307314 -0.005697185 -0.104638658 0.008274317 0.999948978 -0.005791111 0.696131766 0.005745001 0.005743677 0.999966979 6.189436436
0.999944448 -0.008398151 -0.006365038 -0.104686387 0.008350367 0.999937057 -0.007497151 0.698908925 0.006427599 0.007443585 0.999951601 6.213405132
0.999949276 -0.008167721 -0.005896336 -0.105719030 0.008125986 0.999942064 -0.007067736 0.701077223 0.005953721 0.007019463 0.999957561 6.237156391
0.999947846 -0.007850623 -0.006536796 -0.106601670 0.007804090 0.999944270 -0.007113880 0.705782056 0.006592280 0.007062495 0.999953330 6.284470558
0.999948561 -0.007612934 -0.006708020 -0.107181266 0.007561457 0.999942005 -0.007666078 0.708921075 0.006765992 0.007614960 0.999948084 6.308478832
0.999949217 -0.007191364 -0.007049371 -0.107583642 0.007144999 0.999952912 -0.006580390 0.711091280 0.007096360 0.006529689 0.999953449 6.332135677
0.999934196 -0.008325924 -0.007888891 -0.107720353 0.008278367 0.999947488 -0.006042026 0.713836968 0.007938782 0.005976321 0.999950588 6.355923176
0.999938905 -0.007690451 -0.007937782 -0.108650789 0.007648239 0.999956489 -0.005334704 0.716264069 0.007978464 0.005273667 0.999954224 6.379042625
0.999938726 -0.007214742 -0.008391108 -0.108880460 0.007165466 0.999957025 -0.005887523 0.719080210 0.008433223 0.005827037 0.999947488 6.402621269
0.999935746 -0.007419183 -0.008574053 -0.109453462 0.007371002 0.999956965 -0.005637320 0.721181512 0.008615508 0.005573759 0.999947369 6.426342487
0.999928415 -0.007620804 -0.009225181 -0.110353291 0.007557667 0.999947906 -0.006859633 0.726280749 0.009276978 0.006789422 0.999933958 6.473486423
0.999924779 -0.007148752 -0.009964344 -0.111265518 0.007073703 0.999946415 -0.007546804 0.731421292 0.010017761 0.007475752 0.999921858 6.518909931
0.999921799 -0.006847738 -0.010453485 -0.111769408 0.006769395 0.999948859 -0.007511437 0.734097183 0.010504385 0.007440087 0.999917150 6.541787148
0.999904275 -0.008885644 -0.010601451 -0.112744644 0.008842264 0.999952316 -0.004131738 0.738992751 0.010637660 0.004037602 0.999935269 6.587425232
0.999902606 -0.008723663 -0.010893798 -0.113367952 0.008700805 0.999959886 -0.002143919 0.741507888 0.010912064 0.002048925 0.999938369 6.610198498
