0.999996185 0.001587567 0.002301378 0.000022338 -0.001581723 0.999995530 -0.002538738 -0.000424437 -0.002305398 0.002535087 0.999994099 0.059186280
0.999994159 0.002875320 0.001859214 -0.000084174 -0.002866155 0.999983788 -0.004913537 -0.000482830 -0.001873312 0.004908179 0.999986172 0.088639043
0.999998450 0.001724043 -0.000360622 0.000142376 -0.001725913 0.999984682 -0.005249531 -0.001152917 0.000351566 0.005250145 0.999986172 0.117799990
0.999994159 -0.001020903 -0.003293536 0.000124794 0.001001182 0.999981582 -0.005984118 -0.001441846 0.003299585 0.005980785 0.999976695 0.146784678
0.999961436 -0.004518669 -0.007529110 0.000551760 0.004483441 0.999979079 -0.004689265 -0.001968733 0.007550140 0.004655328 0.999960661 0.175370276
0.999904811 -0.006587200 -0.012122783 0.000301786 0.006533974 0.999968827 -0.004424961 -0.002024286 0.012151553 0.004345330 0.999916732 0.203967705
0.999860823 -0.005003667 -0.015912889 -0.000559477 0.004938673 0.999979317 -0.004121111 -0.002394943 0.015933180 0.004041950 0.999864936 0.233582616
0.999789238 -0.003858610 -0.020159818 -0.001362917 0.003777388 0.999984622 -0.004065483 -0.002825942 0.020175193 0.003988476 0.999788523 0.260260791
0.999698162 -0.003485586 -0.024317708 -0.002411875 0.003375687 0.999983907 -0.004558912 -0.003323614 0.024333209 0.004475447 0.999693930 0.289207786
0.999573588 -0.003175263 -0.029026479 -0.002705169 0.003072589 0.999988854 -0.003581162 -0.004065403 0.029037528 0.003490449 0.999572158 0.315270543
0.999453068 -0.004151048 -0.032808047 -0.004171532 0.004044108 0.999986231 -0.003325200 -0.004650240 0.032821402 0.003190701 0.999456108 0.342535496
0.999258697 -0.004144394 -0.038271777 -0.004703672 0.003938346 0.999977291 -0.005457639 -0.004364672 0.038293522 0.005302866 0.999252379 0.368400723
0.999096751 -0.004699473 -0.042231403 -0.006143468 0.004437450 0.999970257 -0.006296044 -0.004660847 0.042259734 0.006102956 0.999087989 0.395170271
0.998908043 -0.004388078 -0.046513516 -0.007144456 0.004146524 0.999977410 -0.005288413 -0.005241996 0.046535671 0.005089769 0.998903632 0.419574529
0.998752832 -0.002700922 -0.049856052 -0.008774696 0.002463279 0.999985337 -0.004827420 -0.005630909 0.049868353 0.004698590 0.998744667 0.445168316
0.998586833 -0.002044072 -0.053105112 -0.010112124 0.001853016 0.999991655 -0.003646685 -0.006170722 0.053112123 0.003543126 0.998582244 0.467608422
0.998466253 -0.001951605 -0.055329390 -0.011481535 0.001750209 0.999991715 -0.003688181 -0.006543534 0.055336133 0.003585686 0.998461306 0.491093665
0.998349249 -0.000630484 -0.057431675 -0.012878340 0.000403515 0.999992073 -0.003963500 -0.007020847 0.057433717 0.003933784 0.998341560 0.511804044
0.998275995 -0.000846351 -0.058687948 -0.014280466 0.000550627 0.999987006 -0.005054910 -0.007338413 0.058691457 0.005013880 0.998263597 0.533130527
0.998169124 -0.000270312 -0.060483754 -0.015402490 -0.000061832 0.999984860 -0.005489521 -0.007656592 0.060484327 0.005483210 0.998154104 0.552436888
0.998074889 0.000131919 -0.062020738 -0.016711082 -0.000526531 0.999979734 -0.006346276 -0.008003691 0.062018640 0.006366714 0.998054683 0.572041750
0.997979641 0.000212553 -0.063534513 -0.017840242 -0.000716324 0.999968410 -0.007906425 -0.008492238 0.063530833 0.007935963 0.997948349 0.589536786
0.997910321 0.001355040 -0.064600877 -0.019167880 -0.001924801 0.999959826 -0.008758294 -0.008938167 0.064586416 0.008864336 0.997872770 0.607793272
0.997865796 0.001514767 -0.065279990 -0.020322826 -0.002158838 0.999949634 -0.009796862 -0.009413947 0.065261863 0.009916884 0.997818887 0.625651419
0.997826576 0.000200715 -0.065894611 -0.021056022 -0.000909564 0.999942064 -0.010727480 -0.009716587 0.065888666 0.010764102 0.997768879 0.641799808
0.997752666 -0.001296195 -0.066992402 -0.021945296 0.000474146 0.999924481 -0.012285227 -0.009912028 0.067003258 0.012225853 0.997677863 0.658693612
0.997740149 -0.000622254 -0.067188635 -0.023501806 -0.000322665 0.999901295 -0.014051905 -0.010458706 0.067190751 0.014041830 0.997641385 0.675579786
0.997689545 0.001694823 -0.067916773 -0.024796367 -0.002669411 0.999894738 -0.014261552 -0.010665094 0.067885444 0.014409898 0.997589052 0.691104472
0.997618616 0.005058764 -0.068785191 -0.026573777 -0.005900077 0.999910235 -0.012033357 -0.011092654 0.068718135 0.012410539 0.997558892 0.707826972
0.997586250 0.004249182 -0.069307037 -0.027472485 -0.004928974 0.999941289 -0.009640360 -0.010754503 0.069262005 0.009958705 0.997548699 0.725032330
0.997598767 0.003849558 -0.069150575 -0.028641112 -0.004334153 0.999967098 -0.006859169 -0.011325981 0.069121882 0.007142408 0.997582674 0.740758240
0.997617185 0.002131591 -0.068959482 -0.029938553 -0.002696356 0.999963582 -0.008097787 -0.012015280 0.068939701 0.008264431 0.997586608 0.756806672
0.997624516 0.003417159 -0.068802439 -0.031346619 -0.004176104 0.999931991 -0.010889987 -0.012757840 0.068760544 0.011151444 0.997570872 0.772902191
0.997599185 0.002624442 -0.069201358 -0.031881388 -0.003499922 0.999915302 -0.012532952 -0.013014626 0.069162622 0.012745063 0.997523904 0.788557172
0.997619629 0.003887612 -0.068846688 -0.033193365 -0.004785495 0.999905586 -0.012881647 -0.013534896 0.068790123 0.013180450 0.997544050 0.805279255
0.997682214 0.003945707 -0.067931488 -0.034811802 -0.004917354 0.999887884 -0.014142076 -0.013758148 0.067868084 0.014443338 0.997589707 0.820915818
0.997664034 0.001093602 -0.068302825 -0.035027146 -0.002030712 0.999904752 -0.013652002 -0.014107114 0.068281397 0.013758815 0.997571170 0.835789919
0.997762501 0.001323219 -0.066844836 -0.036415283 -0.002129636 0.999925792 -0.011994187 -0.014586297 0.066823997 0.012109706 0.997691274 0.852166057
0.997858167 0.004288761 -0.065274611 -0.038359508 -0.005269165 0.999875724 -0.014854943 -0.014795298 0.065202780 0.015167067 0.997756779 0.868568361
0.997849405 0.005995315 -0.065273575 -0.038916353 -0.007541822 0.999696016 -0.023472102 -0.014968036 0.065113015 0.023913903 0.997591257 0.884442329
0.998038590 0.007061193 -0.062202156 -0.042000402 -0.008992720 0.999484181 -0.030827394 -0.014975484 0.061952394 0.031326301 0.997587442 0.903602540
0.998073936 0.002908749 -0.061966311 -0.041503385 -0.005016048 0.999413431 -0.033878826 -0.015342638 0.061831407 0.034124400 0.997503042 0.923678100
0.998153925 0.000758899 -0.060731761 -0.042159315 -0.002632240 0.999522984 -0.030772086 -0.016031653 0.060679436 0.030875137 0.997679770 0.942601264
0.998303831 0.001234583 -0.058206040 -0.043735214 -0.002874556 0.999601007 -0.028100003 -0.016964007 0.058148123 0.028219657 0.997909009 0.964940965
0.998366773 0.002398913 -0.057078779 -0.044279195 -0.003916545 0.999641359 -0.026491383 -0.017750053 0.056994747 0.026671670 0.998018205 0.989463627
0.998465776 0.002678855 -0.055307165 -0.045124199 -0.004087738 0.999669611 -0.025376387 -0.018494777 0.055220921 0.025563540 0.998146832 1.012584329
0.998606920 0.001512478 -0.052743882 -0.046613093 -0.002965196 0.999618053 -0.027475493 -0.019074012 0.052682184 0.027593616 0.998229980 1.038564682
0.998723805 0.000284318 -0.050505418 -0.047980640 -0.001742246 0.999582946 -0.028825086 -0.019681929 0.050476164 0.028876286 0.998307765 1.062344670
0.998768151 -0.001341856 -0.049601089 -0.047891900 -0.000092634 0.999582112 -0.028906917 -0.020454913 0.049619157 0.028875912 0.998350620 1.088504195
0.998795033 -0.000670297 -0.049070802 -0.048160046 -0.000789535 0.999557853 -0.029724069 -0.019486032 0.049069025 0.029727001 0.998352885 1.116737723
0.998897493 -0.000668285 -0.046938993 -0.050241724 -0.000590817 0.999640465 -0.026805231 -0.021350328 0.046940029 0.026803415 0.998538017 1.142611265
0.998932064 -0.001409155 -0.046181921 -0.050918374 0.000262427 0.999691725 -0.024827328 -0.022562519 0.046202671 0.024788698 0.998624444 1.169881821
0.998914003 -0.000191601 -0.046591014 -0.052174345 -0.000892544 0.999729276 -0.023247492 -0.023893282 0.046582859 0.023263831 0.998643517 1.198353410
0.998867393 0.000377545 -0.047578610 -0.053862348 -0.001429270 0.999755263 -0.022072919 -0.024854163 0.047558635 0.022115922 0.998623550 1.227588534
0.998860955 0.002989072 -0.047621198 -0.055980023 -0.004039226 0.999750376 -0.021971308 -0.024867931 0.047543645 0.022138633 0.998623729 1.258066893
0.998774469 0.001700297 -0.049463376 -0.056758530 -0.002683860 0.999799848 -0.019825054 -0.026105464 0.049419768 0.019933511 0.998579264 1.287946939
0.998773038 0.001212099 -0.049507160 -0.059071690 -0.002109826 0.999834239 -0.018085022 -0.027940854 0.049477037 0.018167287 0.998610020 1.318618655
0.998728335 0.004274508 -0.050233144 -0.060956817 -0.005261041 0.999795616 -0.019523298 -0.028582005 0.050139427 0.019762751 0.998546660 1.349701166
0.998629868 0.008757775 -0.051591739 -0.062391683 -0.009838502 0.999736667 -0.020731097 -0.028348010 0.051396593 0.021210277 0.998453081 1.381261706
0.998575985 0.012367761 -0.051895350 -0.064655989 -0.013362250 0.999732792 -0.018860348 -0.027776724 0.051648218 0.019526925 0.998474419 1.414424300
0.998479009 0.008439834 -0.054483525 -0.064153448 -0.009151006 0.999875963 -0.012816714 -0.029489210 0.054368600 0.013295797 0.998432398 1.445432663
0.998496056 0.009904694 -0.053921867 -0.066918060 -0.010387164 0.999908447 -0.008674672 -0.029762819 0.053831007 0.009221720 0.998507440 1.477506995
0.998444855 0.010139926 -0.054817319 -0.068478264 -0.010543441 0.999919355 -0.007076875 -0.030729603 0.054741137 0.007643833 0.998471379 1.509957910
0.998257101 0.017820533 -0.056261174 -0.070135228 -0.018232787 0.999810457 -0.006822640 -0.030396838 0.056128934 0.007836545 0.998392761 1.543927193
0.998316884 0.018303074 -0.055033308 -0.074523658 -0.018697029 0.999803066 -0.006652080 -0.031560954 0.054900717 0.007669841 0.998462439 1.573766947
0.998199821 0.017182669 -0.057462271 -0.074579611 -0.017641369 0.999816358 -0.007484903 -0.032284107 0.057323109 0.008485143 0.998319626 1.607223630
0.998233080 0.015174550 -0.057449564 -0.076850690 -0.015767869 0.999826729 -0.009888440 -0.032592170 0.057289559 0.010776827 0.998299420 1.640700817
0.998237908 0.012569716 -0.057991147 -0.078313395 -0.013176098 0.999862313 -0.010085947 -0.033624813 0.057856381 0.010832272 0.998266101 1.675583243
0.998251557 0.017874258 -0.056340300 -0.081982799 -0.018453173 0.999781966 -0.009771836 -0.033268727 0.056153350 0.010794408 0.998363853 1.707317948
0.998226762 0.017535716 -0.056883968 -0.082117483 -0.018088080 0.999794006 -0.009210066 -0.034645706 0.056710742 0.010222659 0.998338282 1.742341518
0.998207510 0.019956669 -0.056421220 -0.084453769 -0.020498406 0.999749005 -0.009039214 -0.035655167 0.056226667 0.010179555 0.998366177 1.776347041
0.998285472 0.017727541 -0.055783957 -0.084547631 -0.018259330 0.999792457 -0.009037810 -0.035823055 0.055612165 0.010040891 0.998401999 1.810919285
0.998370707 0.018310586 -0.054042131 -0.087281004 -0.018828940 0.999781311 -0.009098130 -0.036207184 0.053863719 0.010100863 0.998497188 1.843944907
0.998409986 0.018517256 -0.053240318 -0.088820688 -0.018988086 0.999784827 -0.008351280 -0.037246924 0.053074226 0.009348934 0.998546779 1.878837585
0.998516500 0.016055174 -0.052029453 -0.089987949 -0.016516358 0.999827921 -0.008446040 -0.038129713 0.051884901 0.009292848 0.998609781 1.913686395
0.998575807 0.014447313 -0.051357675 -0.091410406 -0.014948369 0.999844134 -0.009385534 -0.038245298 0.051214084 0.010139881 0.998636186 1.949666619
0.998688638 0.015104551 -0.048917830 -0.094160236 -0.015602626 0.999830067 -0.009816134 -0.038556084 0.048761252 0.010566509 0.998754501 1.983481050
0.998683631 0.016010955 -0.048731472 -0.095296577 -0.016565826 0.999802113 -0.011003737 -0.038590804 0.048545662 0.011796528 0.998751283 2.020536184
0.998724639 0.016079744 -0.047858372 -0.097078986 -0.016613709 0.999803960 -0.010780523 -0.039752096 0.047675628 0.011561879 0.998796046 2.055976152
0.998754740 0.015883911 -0.047293954 -0.098660342 -0.016485834 0.999787629 -0.012364498 -0.039958686 0.047087517 0.013128781 0.998804450 2.092429161
0.998748243 0.013882781 -0.048054107 -0.099423759 -0.014461639 0.999826849 -0.011719313 -0.040996268 0.047883086 0.012399586 0.998775959 2.128849030
0.998832285 0.014085517 -0.046213713 -0.102022514 -0.014675981 0.999814630 -0.012462440 -0.041465975 0.046029609 0.013126118 0.998853803 2.165379763
0.998910844 0.012323882 -0.045004372 -0.104260854 -0.012940728 0.999825954 -0.013440797 -0.041705381 0.044830896 0.014008547 0.998896360 2.202811718
0.998867512 0.014873919 -0.045194950 -0.105777599 -0.015467633 0.999798238 -0.012815610 -0.043586172 0.044995207 0.013500156 0.998896003 2.240005732
0.998924553 0.011053167 -0.045030933 -0.106996700 -0.011733311 0.999820650 -0.014867755 -0.043382205 0.044858515 0.015380125 0.998874962 2.277300596
0.998912096 0.011995306 -0.045064114 -0.108400390 -0.012733349 0.999788880 -0.016126405 -0.043512121 0.044861164 0.016682681 0.998853862 2.314715862
0.998900056 0.012597665 -0.045164794 -0.110440508 -0.013349508 0.999776721 -0.016383924 -0.043855760 0.044948306 0.016968833 0.998845100 2.354075909
0.998890817 0.011998480 -0.045531545 -0.111402258 -0.012717165 0.999798536 -0.015527585 -0.045856718 0.045336060 0.016089395 0.998842180 2.392689705
0.998868585 0.012218243 -0.045959774 -0.113375261 -0.012934497 0.999798954 -0.015319417 -0.046953715 0.045763355 0.015896548 0.998825848 2.431631088
0.998857915 0.012506921 -0.046112683 -0.114998974 -0.013175573 0.999811947 -0.014225081 -0.048295639 0.045926094 0.014816398 0.998834968 2.471081734
0.998840630 0.012246596 -0.046554599 -0.116142288 -0.012940512 0.999809206 -0.014633398 -0.048522718 0.046366494 0.015218874 0.998808563 2.511579514
0.998783648 0.012907037 -0.047588591 -0.117475867 -0.013605279 0.999804139 -0.014377902 -0.048750937 0.047393683 0.015007870 0.998763561 2.552664042
0.998801708 0.012159019 -0.047405235 -0.119897291 -0.012806001 0.999828637 -0.013368168 -0.050658219 0.047234561 0.013959221 0.998786271 2.590250492
0.998793960 0.014012038 -0.047055528 -0.122934110 -0.014657488 0.999802768 -0.013399856 -0.050946809 0.046858486 0.014073412 0.998802364 2.629596949
0.998699784 0.011841833 -0.049582411 -0.123210482 -0.012479570 0.999843001 -0.012572429 -0.052326191 0.049425747 0.013174850 0.998690903 2.669948816
0.998711050 0.011994626 -0.049319416 -0.125854835 -0.012683676 0.999825954 -0.013681993 -0.052710019 0.049146719 0.014289909 0.998689353 2.709232569
0.998599231 0.010949275 -0.051766086 -0.126982301 -0.011654769 0.999843121 -0.013346340 -0.054115411 0.051611830 0.013930967 0.998569965 2.748674393
0.998592257 0.012097490 -0.051646486 -0.130303681 -0.012771131 0.999837399 -0.012733284 -0.055965908 0.051484045 0.013374940 0.998584211 2.786744595
0.998520255 0.012208365 -0.052992854 -0.132012695 -0.013014044 0.999804497 -0.014885171 -0.055843085 0.052800771 0.015552800 0.998483956 2.826319695
0.998541296 0.012176755 -0.052602321 -0.135495976 -0.012966464 0.999807894 -0.014697721 -0.056687277 0.052413248 0.015358347 0.998507380 2.865696907
0.998389482 0.010491843 -0.055752642 -0.135439500 -0.011258599 0.999846041 -0.013456560 -0.058096118 0.055602875 0.014062584 0.998353899 2.905236006
0.998284936 0.009594403 -0.057751887 -0.136612281 -0.010354081 0.999863505 -0.012869328 -0.058958560 0.057620533 0.013445222 0.998248041 2.945024014
0.998209298 0.011365220 -0.058730230 -0.138866320 -0.012144891 0.999842584 -0.012935559 -0.060168721 0.058573972 0.013625666 0.998190045 2.985350609
0.998193502 0.012086254 -0.058853559 -0.141798690 -0.012959125 0.999811351 -0.014472215 -0.061098404 0.058667537 0.015208762 0.998161674 3.024978638
0.998105586 0.011545439 -0.060433161 -0.143802404 -0.012669637 0.999753118 -0.018252324 -0.062220667 0.060207516 0.018983409 0.998005271 3.064240217
0.998057067 0.008008508 -0.061788891 -0.145574957 -0.009318114 0.999737382 -0.020935899 -0.063559264 0.061605003 0.021470979 0.997869670 3.103800535
0.998070717 0.006301530 -0.061765082 -0.148546293 -0.007736268 0.999705136 -0.023017399 -0.064666569 0.061601829 0.023450824 0.997825265 3.142356396
0.997996747 0.006087204 -0.062969759 -0.150536805 -0.007644836 0.999669969 -0.024524916 -0.065700486 0.062799692 0.024957187 0.997714043 3.182519674
0.997912765 0.009342434 -0.063896142 -0.153087199 -0.010808246 0.999685407 -0.022633489 -0.066906162 0.063664593 0.023276858 0.997699857 3.221872807
0.997847855 0.009594264 -0.064865656 -0.155778185 -0.010702509 0.999802411 -0.016759384 -0.068543248 0.064692028 0.017417543 0.997753382 3.261407137
0.997934997 0.008970171 -0.063600920 -0.159539938 -0.009725721 0.999885678 -0.011579907 -0.068826146 0.063489772 0.012174560 0.997908294 3.300715446
0.997836351 0.008126280 -0.065244593 -0.160693586 -0.008373927 0.999958754 -0.003523084 -0.069491453 0.065213278 0.004061814 0.997863054 3.341328621
0.997942150 0.009538520 -0.063407108 -0.163848460 -0.009383858 0.999952316 0.002736541 -0.069996603 0.063430175 -0.002135906 0.997983992 3.380774498
0.997888923 0.009889050 -0.064186379 -0.165408060 -0.009502337 0.999934793 0.006327358 -0.071145765 0.064244762 -0.005704079 0.997918010 3.421564102
0.998008251 0.011023188 -0.062113233 -0.168550611 -0.010735624 0.999930084 0.004961517 -0.070799395 0.062163580 -0.004284810 0.998056829 3.459974051
0.998114645 0.010577881 -0.060458638 -0.170413315 -0.010432265 0.999941885 0.002723700 -0.071617909 0.060483936 -0.002087844 0.998166978 3.500711679
0.998195767 0.011780930 -0.058875352 -0.172731012 -0.011862329 0.999929130 -0.001033273 -0.071879059 0.058859002 0.001729808 0.998264790 3.540503025
0.998281181 0.009009983 -0.057909615 -0.174604103 -0.009296799 0.999945819 -0.004685312 -0.072348475 0.057864264 0.005215633 0.998310864 3.579416990
0.998491108 0.007394359 -0.054413963 -0.178011939 -0.007825965 0.999939501 -0.007723106 -0.072637767 0.054353572 0.008137293 0.998488605 3.619390965
0.998471081 0.006441263 -0.054899652 -0.178272799 -0.006929741 0.999938011 -0.008711985 -0.073558122 0.054840133 0.009079107 0.998453856 3.657501221
0.998515964 0.008805923 -0.053741444 -0.181210622 -0.009221537 0.999929368 -0.007490531 -0.074810714 0.053671688 0.007974993 0.998526752 3.696256876
0.998534262 0.010158696 -0.053161502 -0.183127135 -0.010579748 0.999914765 -0.007644795 -0.075651146 0.053079315 0.008196025 0.998556674 3.735578060
0.998587728 0.011735412 -0.051815685 -0.185586557 -0.012244548 0.999879658 -0.009519345 -0.075230137 0.051697746 0.010140362 0.998611271 3.775017738
0.998542666 0.010550951 -0.052926492 -0.187289789 -0.010971844 0.999910355 -0.007668140 -0.077106319 0.052840836 0.008237667 0.998568952 3.813631296
0.998471260 0.011502204 -0.054064047 -0.188803643 -0.011946163 0.999897361 -0.007895691 -0.078265637 0.053967688 0.008529479 0.998506188 3.852876902
0.998479903 0.012129441 -0.053764775 -0.191305563 -0.012665453 0.999873281 -0.009640054 -0.078492820 0.053641036 0.010306358 0.998507023 3.891794205
0.998369336 0.013310859 -0.055512033 -0.192517757 -0.013847923 0.999860823 -0.009301301 -0.079321593 0.055380497 0.010054859 0.998414636 3.931237698
0.998397708 0.013925718 -0.054846536 -0.195423737 -0.014461778 0.999851286 -0.009389083 -0.080176413 0.054707643 0.010167216 0.998450637 3.969378471
0.998354435 0.013423719 -0.055751480 -0.197008014 -0.013914918 0.999867618 -0.008431627 -0.081107125 0.055630915 0.009193529 0.998409033 4.008410454
0.998317599 0.014074968 -0.056248132 -0.199325264 -0.014543848 0.999862850 -0.007935260 -0.081872493 0.056128725 0.008739975 0.998385310 4.046680450
0.998375893 0.014604891 -0.055064496 -0.202526569 -0.015024410 0.999861121 -0.007212418 -0.082961954 0.054951515 0.008028017 0.998456717 4.083784103
0.998260617 0.014886305 -0.057044245 -0.203481987 -0.015321567 0.999856651 -0.007200446 -0.083397642 0.056928888 0.008061929 0.998345613 4.123405457
0.998179674 0.015434008 -0.058302410 -0.205183938 -0.015878851 0.999848187 -0.007174304 -0.083976932 0.058182828 0.008087019 0.998273134 4.161502361
0.998202503 0.015023431 -0.058017112 -0.207692668 -0.015450668 0.999856591 -0.006922436 -0.084984906 0.057904802 0.007806397 0.998291612 4.199580669
0.998259544 0.014785030 -0.057091456 -0.211000800 -0.015196146 0.999861479 -0.006773527 -0.085775927 0.056983411 0.007629307 0.998346031 4.236875534
0.998134196 0.014922444 -0.059206389 -0.212066680 -0.015326778 0.999862134 -0.006380971 -0.086430289 0.059103008 0.007276508 0.998225391 4.275141239
0.998115659 0.015725367 -0.059312016 -0.215356797 -0.016142072 0.999848187 -0.006553022 -0.086784512 0.059199966 0.007498093 0.998217940 4.311476707
0.997948527 0.016256724 -0.061923429 -0.216448382 -0.016646093 0.999844730 -0.005777203 -0.087601058 0.061819896 0.006796134 0.998064160 4.349530220
0.997726977 0.017534399 -0.065065369 -0.218130797 -0.017904077 0.999826670 -0.005102845 -0.088220924 0.064964622 0.006256182 0.997868001 4.386279583
0.997667968 0.018665709 -0.065652534 -0.221369565 -0.018979581 0.999811232 -0.004160300 -0.088881038 0.065562487 0.005396656 0.997833848 4.423748493
0.997464538 0.019082140 -0.068560481 -0.223696917 -0.019384991 0.999804974 -0.003754600 -0.089682221 0.068475485 0.005074123 0.997639894 4.460464478
0.997328639 0.020156723 -0.070208915 -0.226783574 -0.020474767 0.999783099 -0.003813216 -0.089967594 0.070116825 0.005240541 0.997524977 4.497665882
0.997132778 0.021720922 -0.072487004 -0.229910180 -0.022116050 0.999744654 -0.004652751 -0.090269983 0.072367407 0.006242537 0.997358501 4.534041882
0.996866941 0.022563618 -0.075809389 -0.232703507 -0.022901267 0.999731302 -0.003587478 -0.091746397 0.075708069 0.005312370 0.997115910 4.570340633
0.996586025 0.021202866 -0.079791285 -0.235564008 -0.021691343 0.999750853 -0.005260040 -0.092156112 0.079659872 0.006972862 0.996797740 4.607294559
0.996366620 0.020911397 -0.082561322 -0.238916501 -0.021526830 0.999746561 -0.006571001 -0.092495359 0.082403004 0.008324409 0.996564329 4.643818855
0.996090472 0.020357944 -0.085960634 -0.242140964 -0.021060327 0.999751747 -0.007271974 -0.093461156 0.085791253 0.009053903 0.996272027 4.679875374
0.995700479 0.021119062 -0.090190880 -0.245083064 -0.021930922 0.999727309 -0.008019995 -0.094301790 0.089996904 0.009963483 0.995892227 4.714739799
0.995365322 0.021840792 -0.093652293 -0.248171747 -0.022696566 0.999709785 -0.008082277 -0.094872400 0.093448594 0.010170403 0.995572209 4.750806808
0.995091796 0.019886991 -0.096936986 -0.252065003 -0.020859180 0.999741614 -0.009025927 -0.095721170 0.096732430 0.011003652 0.995249569 4.783501148
0.994859397 0.020442670 -0.099180661 -0.255640209 -0.021461098 0.999727249 -0.009212300 -0.096138291 0.098965272 0.011293470 0.995026767 4.816648483
0.994738698 0.020945968 -0.100280486 -0.258636773 -0.021841384 0.999730706 -0.007839452 -0.097861931 0.100089282 0.009988472 0.994928300 4.849678040
0.994742930 0.022771010 -0.099839240 -0.261460513 -0.023562482 0.999699533 -0.006755312 -0.099266283 0.099655420 0.009072261 0.994980633 4.877106190
0.995007396 0.023968339 -0.096879967 -0.264842391 -0.024652058 0.999678969 -0.005866431 -0.100464821 0.096708253 0.008225437 0.995278776 4.906603336
0.995490015 0.026234075 -0.091166936 -0.267591417 -0.026903830 0.999619186 -0.006125091 -0.099847063 0.090971552 0.008550208 0.995816767 4.942703247
0.996165395 0.028220730 -0.082814321 -0.269355237 -0.028799597 0.999568343 -0.005803481 -0.100992233 0.082614794 0.008166247 0.996548057 4.970903873
0.997199297 0.031179680 -0.067980543 -0.271451831 -0.031671658 0.999479234 -0.006171097 -0.101096235 0.067752741 0.008306870 0.997667491 4.999228477
0.998271167 0.034373458 -0.047677781 -0.272602677 -0.034689892 0.999381125 -0.005825142 -0.101657033 0.047448047 0.007469009 0.998845696 5.030034542
0.999108672 0.035924904 -0.022162654 -0.272226512 -0.036067545 0.999330878 -0.006070114 -0.102414399 0.021929756 0.006864056 0.999735951 5.055860996
0.999292374 0.036414463 0.009422552 -0.270988554 -0.036355000 0.999318361 -0.006407588 -0.103368014 -0.009649459 0.006060496 0.999935031 5.081785679
0.998316467 0.034566879 0.046575502 -0.268135846 -0.034245163 0.999383867 -0.007687930 -0.103937283 -0.046812557 0.006080002 0.998885214 5.112349987
0.995478868 0.033076629 0.089038134 -0.264048874 -0.032405119 0.999434531 -0.008977151 -0.103929609 -0.089284718 0.006051271 0.995987833 5.139326572
0.990261674 0.030578911 0.135819077 -0.258114636 -0.029491032 0.999514818 -0.010015102 -0.105524197 -0.136059463 0.005912127 0.990683138 5.163710594
0.982053280 0.028073847 0.186502859 -0.251020193 -0.026347212 0.999583900 -0.011730712 -0.105902642 -0.186754614 0.006606353 0.982384443 5.190032005
0.970528543 0.023600418 0.239827812 -0.242101192 -0.021043349 0.999691129 -0.013217651 -0.106965914 -0.240065649 0.007781327 0.970725477 5.216373444
0.955013037 0.019851971 0.295898944 -0.232055426 -0.016517790 0.999768794 -0.013763760 -0.108384185 -0.296103746 0.008256973 0.955120146 5.239962578
0.935422719 0.015430479 0.353194207 -0.219125628 -0.011680325 0.999850571 -0.012746894 -0.108972147 -0.353338093 0.007798311 0.935463190 5.262525558
0.911681354 0.012268471 0.410714924 -0.205707312 -0.008112203 0.999896705 -0.011860926 -0.109282538 -0.410818011 0.007481582 0.911686718 5.283622265
0.883633852 0.006438589 0.468134344 -0.191259861 -0.002101890 0.999949932 -0.009785580 -0.110139281 -0.468173981 0.007662900 0.883603096 5.304241657
0.852350414 0.003481774 0.522959590 -0.175651073 0.001009505 0.999965072 -0.008302944 -0.111044660 -0.522970319 0.007604946 0.852317035 5.322696209
0.816499770 0.004157302 0.577330768 -0.157937288 0.002001616 0.999947667 -0.010031344 -0.111088224 -0.577342272 0.009346183 0.816448689 5.343452930
0.776984155 0.006857187 0.629482806 -0.138895273 -0.000026345 0.999941051 -0.010860205 -0.111651964 -0.629520178 0.008421623 0.776938498 5.360579967
0.733085036 0.010011402 0.680063248 -0.118932486 -0.004203124 0.999939263 -0.010189559 -0.111955464 -0.680124104 0.004611424 0.733082533 5.377552986
0.684514701 0.011813276 0.728903353 -0.097352982 -0.007475949 0.999929845 -0.009185102 -0.112196460 -0.728960693 0.000838093 0.684555054 5.394345284
0.632274747 0.009199451 0.774689674 -0.074854612 -0.004311175 0.999955773 -0.008355858 -0.112992607 -0.774732292 0.001943375 0.632286429 5.408065319
0.575976014 0.009035450 0.817416608 -0.051291704 -0.003864379 0.999957800 -0.008330245 -0.113095455 -0.817457438 0.001639214 0.575986683 5.421532154
0.516556799 0.011108948 0.856180847 -0.025310516 -0.007750480 0.999935508 -0.008298094 -0.113729469 -0.856217861 -0.002349375 0.516609669 5.433531284
0.455936074 0.011045062 0.889943957 -0.000605583 -0.007561554 0.999934971 -0.008536221 -0.114467733 -0.889980435 -0.002837388 0.455989897 5.442557812
0.398884088 0.009192447 0.916955292 0.026200414 -0.005339009 0.999956131 -0.007702011 -0.116035722 -0.916985810 -0.001823422 0.398915648 5.449200630
0.344391614 0.009878183 0.938774109 0.052333832 -0.000868041 0.999947548 -0.010203433 -0.115403593 -0.938825607 0.002699083 0.344382226 5.456376553
0.294385403 0.009470719 0.955639899 0.079294682 0.002955202 0.999936998 -0.010820071 -0.116286673 -0.955682218 0.006009380 0.294338971 5.461705685
0.249476597 0.010621537 0.968322575 0.107278824 0.005007769 0.999912262 -0.012258236 -0.116251431 -0.968367875 0.007907280 0.249401525 5.466100693
0.208630264 0.011206890 0.977930367 0.135251164 0.005255097 0.999907017 -0.012579855 -0.116491854 -0.977980494 0.007763658 0.208552018 5.470246792
0.172303826 0.010918858 0.984983385 0.163533211 0.006811656 0.999901474 -0.012275799 -0.117566876 -0.985020280 0.008824535 0.172212496 5.472982883
0.139867783 0.012206772 0.990094900 0.192282736 0.008657283 0.999870718 -0.013550285 -0.117582709 -0.990132332 0.010466782 0.139744014 5.475406647
0.111618146 0.013127192 0.993664443 0.221287668 0.010931044 0.999836028 -0.014436608 -0.118142508 -0.993691087 0.012473177 0.111456364 5.477042198
0.086715490 0.013974658 0.996135235 0.251310796 0.011546949 0.999820292 -0.015031545 -0.118785985 -0.996166110 0.012805791 0.086538561 5.478278160
0.064876005 0.013920551 0.997796297 0.281701922 0.013108361 0.999804556 -0.014800866 -0.119643629 -0.997807264 0.014039693 0.064680852 5.479043007
0.045271587 0.015252329 0.998858273 0.312439442 0.015043340 0.999759674 -0.015947908 -0.120114580 -0.998861432 0.015748151 0.045031264 5.479904175
0.029254859 0.017065069 0.999426305 0.344021380 0.017484970 0.999692500 -0.017581426 -0.120694131 -0.999419093 0.017989280 0.028947478 5.479615211
0.015383815 0.018761670 0.999705553 0.376359582 0.018913152 0.999639630 -0.019051475 -0.121220857 -0.999702752 0.019200666 0.015023431 5.479465485
0.006141527 0.019255633 0.999795675 0.410523981 0.019862592 0.999615014 -0.019374164 -0.121869013 -0.999783814 0.019977523 0.005756694 5.478071213
-0.001140388 0.019130483 0.999816358 0.443808168 0.020631814 0.999604642 -0.019102899 -0.122576170 -0.999786496 0.020606244 -0.001534634 5.478354931
-0.005869785 0.019187035 0.999798775 0.479027569 0.021633539 0.999584377 -0.019055910 -0.123459972 -0.999748766 0.021517331 -0.006282428 5.478291988
-0.008379319 0.019591190 0.999772906 0.514209628 0.021806797 0.999573886 -0.019404519 -0.124150939 -0.999727011 0.021639246 -0.008802969 5.477706909
-0.008996814 0.019008398 0.999778867 0.551552057 0.020904329 0.999604344 -0.018816967 -0.124771051 -0.999740958 0.020730408 -0.009390612 5.477028370
-0.007690296 0.017890090 0.999810398 0.589367568 0.020362893 0.999635398 -0.017730337 -0.125932410 -0.999763072 0.020222679 -0.008051787 5.476787567
-0.005038404 0.017185895 0.999839604 0.628217936 0.020423332 0.999645531 -0.017079640 -0.126868486 -0.999778748 0.020333996 -0.005387612 5.476357937
-0.002271986 0.016604537 0.999859512 0.668276012 0.020292515 0.999656975 -0.016555062 -0.127613619 -0.999791503 0.020252053 -0.002608154 5.476201534
0.001075142 0.015454610 0.999879956 0.708907485 0.020595677 0.999668181 -0.015473478 -0.129043818 -0.999787331 0.020609837 0.000756487 5.476518631
0.005655519 0.016361887 0.999850094 0.751395285 0.019110672 0.999681771 -0.016467229 -0.128994107 -0.999801397 0.019200942 0.005341033 5.476378441
0.008833359 0.015052111 0.999847710 0.792473912 0.018731387 0.999708772 -0.015215508 -0.129903913 -0.999785662 0.018862940 0.008548839 5.477362156
0.014035555 0.012892310 0.999818444 0.836209834 0.019658983 0.999720037 -0.013167018 -0.131603867 -0.999708235 0.019840218 0.013778177 5.477622032
0.019082919 0.013031565 0.999732971 0.880668283 0.020043973 0.999709189 -0.013413854 -0.131482109 -0.999616981 0.020294599 0.018816166 5.477792263
0.022630649 0.011096660 0.999682307 0.924143076 0.021248547 0.999707162 -0.011577957 -0.132346973 -0.999518037 0.021503814 0.022388233 5.479756832
0.027254490 0.010557010 0.999572814 0.969349802 0.021752730 0.999701202 -0.011151479 -0.132899910 -0.999391794 0.022047367 0.027016699 5.481144905
0.032118239 0.009960790 0.999434412 1.014447451 0.021819063 0.999705076 -0.010664674 -0.133130267 -0.999245822 0.022149250 0.031891435 5.482436657
0.036990397 0.007630894 0.999286473 1.059245825 0.021884141 0.999724805 -0.008444323 -0.134815663 -0.999075949 0.022180883 0.036813233 5.483455658
0.041969579 0.007422781 0.999091327 1.105449200 0.022393240 0.999714255 -0.008368099 -0.135622039 -0.998867869 0.022724098 0.041791372 5.485207558
0.045273844 0.007296218 0.998947918 1.150377035 0.023235440 0.999695063 -0.008354740 -0.136334404 -0.998704374 0.023589248 0.045090504 5.487017155
0.046523757 0.007876268 0.998886108 1.197298288 0.021928539 0.999719918 -0.008904178 -0.137103766 -0.998676419 0.022318369 0.046338003 5.488940239
0.046304502 0.007976861 0.998895526 1.244215369 0.021106753 0.999737024 -0.008961999 -0.138198018 -0.998704374 0.021498425 0.046123952 5.490962505
0.045112330 0.009126544 0.998940170 1.290771127 0.021430802 0.999719322 -0.010101479 -0.138439506 -0.998751998 0.021863792 0.044904072 5.493236542
0.045097776 0.009859209 0.998933911 1.339350224 0.023207771 0.999671161 -0.010914219 -0.139102519 -0.998712897 0.023675237 0.044854131 5.494686127
0.043610740 0.010289895 0.998995602 1.385690451 0.022487506 0.999683499 -0.011278664 -0.140188009 -0.998795509 0.022956794 0.043365542 5.496982098
0.043703359 0.009562024 0.998998761 1.434787512 0.024107559 0.999652863 -0.010622922 -0.140767708 -0.998753667 0.024547683 0.043457668 5.497977257
0.042786572 0.008522912 0.999047875 1.482521057 0.024413120 0.999656141 -0.009573652 -0.141903326 -0.998785913 0.024799500 0.042563796 5.500173569
0.042165369 0.008093175 0.999077857 1.532087207 0.024329863 0.999662399 -0.009124736 -0.142757416 -0.998814344 0.024692176 0.041954231 5.502015114
0.041624833 0.008417040 0.999097884 1.578782558 0.025763500 0.999623001 -0.009494832 -0.143636316 -0.998801112 0.026135480 0.041392278 5.503780842
0.042048126 0.008711785 0.999077678 1.627432823 0.026642878 0.999596536 -0.009837627 -0.145368412 -0.998760343 0.027031953 0.041799050 5.505057335
0.042056147 0.011242491 0.999051988 1.674730778 0.026865810 0.999562383 -0.012379180 -0.145481244 -0.998753905 0.027360957 0.041735712 5.507110596
0.041929193 0.011580694 0.999053478 1.723507881 0.026977222 0.999555111 -0.012718715 -0.147168040 -0.998756289 0.027484974 0.041598126 5.510144234
0.043143418 0.011842387 0.998998642 1.771080256 0.029568680 0.999476552 -0.013125022 -0.147759408 -0.998631239 0.030105334 0.042770669 5.510645866
0.043349277 0.010168541 0.999008179 1.819214344 0.030585459 0.999465942 -0.011500375 -0.148966014 -0.998591721 0.031053659 0.043015119 5.512177467
0.043856405 0.008415004 0.999002397 1.867751241 0.029653991 0.999512911 -0.009721120 -0.149280712 -0.998597741 0.030050740 0.043585502 5.514394283
0.044792030 0.006829262 0.998973072 1.914587259 0.029787306 0.999522865 -0.008168627 -0.150449857 -0.998552203 0.030122604 0.044567235 5.515886307
0.045028169 0.007290836 0.998959124 1.961032867 0.029190242 0.999536753 -0.008610805 -0.150850415 -0.998559177 0.029547585 0.044794492 5.518714905
0.045222476 0.007735323 0.998946965 2.012383223 0.029720698 0.999517083 -0.009085194 -0.152394593 -0.998534739 0.030100260 0.044970732 5.519911289
0.043509934 0.009002760 0.999012411 2.059241056 0.027919166 0.999557912 -0.010223637 -0.153160781 -0.998662829 0.028336424 0.043239348 5.521724224
0.041124471 0.009059309 0.999112964 2.105971336 0.025256619 0.999629915 -0.010103583 -0.154516622 -0.998834729 0.025649721 0.040880442 5.524742603
0.038561642 0.009026126 0.999215484 2.156650543 0.024080440 0.999660432 -0.009959456 -0.155465007 -0.998965979 0.024445603 0.038331196 5.526515484
0.036329813 0.008839552 0.999300838 2.204256535 0.023654554 0.999673128 -0.009702813 -0.156220287 -0.999059856 0.023990514 0.036108840 5.528083801
0.034329887 0.009012177 0.999369979 2.252998114 0.023738401 0.999669969 -0.009830329 -0.156974688 -0.999128580 0.024060918 0.034104623 5.529791355
0.032525033 0.009182488 0.999428868 2.301005840 0.023163985 0.999682367 -0.009938657 -0.158274055 -0.999202430 0.023474012 0.032302000 5.531118870
0.031597499 0.009169924 0.999458611 2.349503040 0.022180215 0.999705195 -0.009873407 -0.159453049 -0.999254525 0.022480184 0.031384800 5.531773567
0.029397333 0.008837445 0.999528885 2.395473719 0.022258826 0.999707162 -0.009493683 -0.160022676 -0.999319851 0.022527426 0.029192016 5.534709930
0.028918041 0.007879102 0.999550879 2.445533276 0.023134800 0.999695897 -0.008549559 -0.161641628 -0.999313951 0.023371642 0.028726963 5.534636021
0.028782485 0.007393090 0.999558449 2.493313789 0.023416905 0.999693274 -0.008068383 -0.162425295 -0.999311328 0.023638790 0.028600533 5.536335945
0.028635329 0.006787076 0.999566913 2.539683580 0.024196167 0.999679267 -0.007481005 -0.163392648 -0.999297023 0.024399906 0.028461920 5.537425041
0.029470671 0.007436043 0.999537945 2.589974880 0.024908163 0.999656439 -0.008171321 -0.164881036 -0.999255240 0.025137473 0.029275319 5.538124084
0.029574193 0.007815662 0.999532044 2.637211323 0.024968807 0.999651670 -0.008555374 -0.165727973 -0.999250650 0.025210140 0.029368740 5.539786339
0.029485608 0.008148399 0.999531984 2.684431553 0.024831641 0.999652207 -0.008881896 -0.166116610 -0.999256670 0.025081910 0.029273011 5.541643620
0.029551189 0.007824750 0.999532640 2.731772900 0.025579236 0.999635935 -0.008581808 -0.166531384 -0.999235928 0.025820887 0.029340282 5.543084145
0.031159537 0.007581437 0.999485791 2.782503605 0.024703253 0.999659956 -0.008352898 -0.167961717 -0.999209106 0.024950823 0.030961655 5.542757511
0.031190071 0.007394984 0.999486148 2.829775095 0.024310771 0.999671221 -0.008154999 -0.168544665 -0.999217808 0.024552630 0.031000039 5.543806553
0.030648410 0.008180213 0.999496758 2.878619432 0.023070412 0.999694407 -0.008889257 -0.168778390 -0.999263883 0.023331244 0.030450316 5.545835018
0.030464098 0.007280059 0.999509275 2.927072048 0.022556229 0.999713838 -0.007969039 -0.170767635 -0.999281347 0.022787927 0.030291166 5.546719551
0.029497568 0.007946081 0.999533236 2.974486351 0.021871844 0.999723852 -0.008593067 -0.171368778 -0.999325573 0.022115109 0.029315624 5.548403740
0.028931906 0.008065776 0.999548733 3.022952557 0.022300702 0.999713421 -0.008712596 -0.171909571 -0.999332547 0.022542713 0.028743740 5.549493313
0.027749736 0.007736227 0.999584973 3.069865942 0.022406235 0.999713957 -0.008359251 -0.172761202 -0.999363780 0.022628903 0.027568460 5.551197529
0.027531698 0.008252634 0.999586880 3.119683743 0.022904688 0.999698162 -0.008884416 -0.173907533 -0.999358475 0.023139829 0.027334360 5.551452637
0.026428796 0.008414558 0.999615312 3.165967226 0.023762397 0.999676704 -0.009043327 -0.174379170 -0.999368250 0.023992261 0.026220305 5.552787781
0.025926501 0.009657081 0.999617279 3.214841127 0.022609010 0.999691904 -0.010244198 -0.175004318 -0.999408066 0.022865955 0.025700174 5.554009438
0.025976164 0.009460698 0.999617815 3.265634775 0.022708667 0.999691606 -0.010051506 -0.176049426 -0.999404550 0.022961088 0.025753314 5.554263592
0.025690032 0.008794758 0.999631226 3.312978268 0.022112366 0.999711573 -0.009363743 -0.177676305 -0.999425352 0.022344766 0.025488153 5.555972576
0.025025407 0.008257628 0.999652684 3.360963345 0.022102494 0.999716759 -0.008811475 -0.179063410 -0.999442399 0.022315333 0.024835806 5.557166576
0.025029890 0.008421411 0.999651194 3.409930468 0.020743746 0.999744773 -0.008941593 -0.179787174 -0.999471426 0.020960318 0.024848817 5.558377266
0.024201982 0.008204904 0.999673426 3.458928108 0.019348230 0.999775112 -0.008674159 -0.180924013 -0.999519825 0.019551843 0.024037790 5.560617924
0.024323009 0.008629227 0.999667048 3.509063721 0.019222315 0.999773979 -0.009097849 -0.181708515 -0.999519348 0.019437205 0.024151634 5.560980797
0.024007458 0.008028093 0.999679625 3.556877375 0.019408355 0.999775589 -0.008494959 -0.183464438 -0.999523401 0.019606084 0.023846261 5.561569691
0.023479355 0.008426505 0.999688864 3.603941917 0.019317972 0.999774039 -0.008880940 -0.184129894 -0.999537647 0.019520478 0.023311265 5.562776566
0.023689050 0.008998821 0.999678850 3.654157639 0.018990001 0.999774992 -0.009449687 -0.183827668 -0.999538958 0.019207757 0.023512835 5.563625813
0.023485780 0.008426243 0.999688625 3.702385664 0.018211681 0.999794960 -0.008854991 -0.184926480 -0.999558210 0.018413974 0.023327511 5.564408779
0.022899469 0.007556607 0.999709189 3.750853300 0.017882088 0.999808311 -0.007966968 -0.186576888 -0.999577820 0.018059328 0.022759957 5.566343784
0.022902984 0.007219418 0.999711573 3.797151804 0.019314928 0.999783993 -0.007662438 -0.187462702 -0.999551058 0.019484848 0.022758596 5.567491055
0.023256140 0.007158482 0.999703884 3.845566750 0.020499762 0.999760628 -0.007635775 -0.187634841 -0.999519348 0.020671273 0.023103831 5.567033291
0.023234628 0.008027453 0.999697804 3.893058300 0.020019334 0.999763429 -0.008493262 -0.188094616 -0.999529660 0.020210620 0.023068426 5.568356514
0.022855470 0.008297393 0.999704301 3.939943552 0.019568298 0.999770284 -0.008745315 -0.188849688 -0.999547303 0.019762386 0.022687854 5.569948673
0.023172902 0.008218686 0.999697685 3.987732649 0.019569045 0.999770880 -0.008672897 -0.190364957 -0.999539912 0.019764105 0.023006758 5.570000648
