1.000000000 0.000000000 0.000000000 0.000000000 0.000000000 1.000000000 0.000000000 0.000000000 0.000000000 0.000000000 1.000000000 0.000000000
0.999999285 -0.000217185 0.001174085 0.002933603 0.000217671 0.999999881 -0.000413300 -0.001282860 -0.001173996 0.000413556 0.999999225 0.435159564
0.999996245 0.001844267 0.002015560 0.002530885 -0.001838792 0.999994636 -0.002714769 -0.003733326 -0.002020556 0.002711053 0.999994278 0.861045599
0.999993265 0.003054811 0.002043481 -0.003142918 -0.003044182 0.999981940 -0.005184469 -0.004853363 -0.002059282 0.005178213 0.999984443 1.281755209
0.999997914 0.001996792 -0.000266516 0.000773519 -0.001998157 0.999984384 -0.005220634 -0.015748262 0.000256087 0.005221157 0.999986351 1.712897182
0.999992609 -0.001088406 -0.003673368 0.003637283 0.001066117 0.999981046 -0.006064070 -0.018066462 0.003679899 0.006060109 0.999974847 2.130760431
0.999959230 -0.004442901 -0.007860522 0.006700503 0.004403404 0.999977708 -0.005034897 -0.022851489 0.007882715 0.005000079 0.999956429 2.547244549
0.999899626 -0.006586189 -0.012538386 0.007115833 0.006531462 0.999969006 -0.004400767 -0.029217727 0.012566981 0.004318431 0.999911726 2.964895248
0.999860227 -0.004741515 -0.016031936 -0.010266580 0.004682114 0.999982059 -0.003740594 -0.036924843 0.016049385 0.003665008 0.999864399 3.373259306
0.999786317 -0.003774316 -0.020322757 -0.021340769 0.003699780 0.999986291 -0.003703944 -0.042678334 0.020336458 0.003627963 0.999786556 3.780284643
0.999688029 -0.003527080 -0.024725255 -0.033840165 0.003427171 0.999985814 -0.004081994 -0.050191261 0.024739299 0.003995983 0.999685943 4.179082870
0.999587119 -0.003174064 -0.028559109 -0.049098872 0.003068652 0.999988377 -0.003734056 -0.055596061 0.028570624 0.003644876 0.999585092 4.571503639
0.999443531 -0.004129558 -0.033098552 -0.059012823 0.004000369 0.999984145 -0.003968451 -0.060164295 0.033114407 0.003833835 0.999444127 4.965084553
0.999256074 -0.004533107 -0.038300045 -0.072313935 0.004324114 0.999975324 -0.005537809 -0.062820479 0.038324207 0.005368073 0.999250948 5.347380161
0.999067008 -0.005523465 -0.042832516 -0.086153880 0.005282218 0.999969542 -0.005743463 -0.069986835 0.042862937 0.005511854 0.999065757 5.725124359
0.998897254 -0.005008321 -0.046683084 -0.106437221 0.004781050 0.999976218 -0.004978774 -0.078034237 0.046706896 0.004750090 0.998897254 6.092814922
0.998760998 -0.003092219 -0.049667835 -0.132413104 0.002880646 0.999986410 -0.004330767 -0.083732158 0.049680553 0.004182327 0.998756409 6.439936161
0.998603344 -0.002691702 -0.052765664 -0.152635589 0.002499598 0.999989986 -0.003706346 -0.089601494 0.052775115 0.003569277 0.998600066 6.780915737
0.998461843 -0.001756690 -0.055414200 -0.169946030 0.001565223 0.999992669 -0.003498424 -0.095765561 0.055419944 0.003406307 0.998457313 7.107852936
0.998375952 -0.000663554 -0.056964550 -0.193944320 0.000433271 0.999991715 -0.004054816 -0.100285366 0.056966767 0.004023550 0.998368025 7.422502995
0.998283565 -0.000480888 -0.058562085 -0.211795926 0.000203690 0.999988735 -0.004739287 -0.105941996 0.058563709 0.004719224 0.998272538 7.724225998
0.998187125 -0.000756007 -0.060180739 -0.230105281 0.000437666 0.999985874 -0.005302757 -0.113165110 0.060183898 0.005266806 0.998173416 8.010976791
0.998104632 -0.000321842 -0.061538797 -0.249454230 -0.000051698 0.999981642 -0.006068302 -0.118282482 0.061539609 0.006059983 0.998086274 8.285779953
0.997992158 0.000508530 -0.063334808 -0.267365336 -0.000993768 0.999970376 -0.007630209 -0.123072520 0.063329063 0.007677828 0.997963190 8.549892426
0.997953117 0.002243379 -0.063909754 -0.284577012 -0.002798926 0.999958992 -0.008604473 -0.128906488 0.063887835 0.008765738 0.997918546 8.813257217
0.997900665 0.001833693 -0.064736962 -0.300055653 -0.002441002 0.999953747 -0.009303330 -0.136577040 0.064716905 0.009441825 0.997858942 9.068318367
0.997886062 0.001352769 -0.064972818 -0.316798449 -0.002030574 0.999944150 -0.010367241 -0.140202701 0.064955153 0.010477259 0.997833192 9.314480782
0.997832716 0.000051541 -0.065802678 -0.331401020 -0.000802736 0.999934912 -0.011389479 -0.149219006 0.065797791 0.011417616 0.997767687 9.558113098
0.997760952 0.001273916 -0.066867843 -0.348336458 -0.002169343 0.999908864 -0.013320100 -0.152671278 0.066844784 0.013435336 0.997672856 9.803777695
0.997716784 0.002990981 -0.067469612 -0.368808627 -0.003914545 0.999900401 -0.013560542 -0.156753883 0.067422323 0.013793694 0.997629106 10.045045853
0.997609794 0.005148728 -0.068907738 -0.386225820 -0.005975927 0.999912500 -0.011803696 -0.158804029 0.068840921 0.012187268 0.997553229 10.286083221
0.997599185 0.003852392 -0.069144234 -0.402477592 -0.004458592 0.999952972 -0.008615009 -0.161945283 0.069107793 0.008902615 0.997569442 10.527373314
0.997580230 0.002742319 -0.069470637 -0.415921777 -0.003226022 0.999971390 -0.006851463 -0.165351719 0.069449864 0.007058998 0.997560501 10.768482208
0.997579992 0.001071920 -0.069520079 -0.426484197 -0.001667654 0.999962389 -0.008511779 -0.172638983 0.069508351 0.008607117 0.997544289 11.010555267
0.997586429 0.001769580 -0.069413297 -0.446395338 -0.002532267 0.999937356 -0.010901175 -0.182647675 0.069389664 0.011050640 0.997528374 11.236233711
0.997597814 0.002570480 -0.069223806 -0.464335084 -0.003418153 0.999920487 -0.012129732 -0.190441012 0.069187135 0.012337212 0.997527421 11.464699745
0.997606099 0.003384144 -0.069068305 -0.479766876 -0.004274125 0.999909699 -0.012741817 -0.197236389 0.069018945 0.013006522 0.997530580 11.693587303
0.997603416 0.003183142 -0.069118753 -0.491996557 -0.004107811 0.999903917 -0.013239953 -0.203793809 0.069069959 0.013492148 0.997520626 11.928184509
0.997639835 0.001336494 -0.068650626 -0.505354524 -0.002244971 0.999910891 -0.013157890 -0.207480028 0.068626910 0.013280956 0.997554004 12.154038429
0.997692227 0.000707287 -0.067895114 -0.517987013 -0.001529927 0.999926031 -0.012065100 -0.211386234 0.067881562 0.012141131 0.997619510 12.386229515
0.997763872 0.002967628 -0.066770613 -0.536226213 -0.003986347 0.999877572 -0.015128955 -0.215468287 0.066717528 0.015361296 0.997653663 12.621055603
0.997819841 0.005386238 -0.065777540 -0.556164324 -0.006932626 0.999704301 -0.023303773 -0.218285143 0.065632567 0.023708977 0.997562110 12.873102188
0.997907341 0.004952121 -0.064470172 -0.578930676 -0.006962415 0.999495268 -0.030994546 -0.218165025 0.064284138 0.031378556 0.997438252 13.136578560
0.997997046 0.002151270 -0.063225694 -0.586433053 -0.004309828 0.999411702 -0.034023996 -0.222722590 0.063115284 0.034228336 0.997419178 13.423128128
0.998071730 0.000026433 -0.062071532 -0.595938921 -0.001914860 0.999537170 -0.030364111 -0.236341953 0.062041987 0.030424422 0.997609735 13.724029541
0.998186171 -0.000401898 -0.060201768 -0.610338867 -0.001298024 0.999601603 -0.028195318 -0.247767329 0.060189120 0.028222315 0.997787952 14.048635483
0.998322070 0.001408823 -0.057888478 -0.632336497 -0.002920307 0.999656737 -0.026033983 -0.260959506 0.057831928 0.026159354 0.997983515 14.379324913
0.998411596 0.001126229 -0.056330983 -0.646867752 -0.002542995 0.999682009 -0.025085390 -0.272428751 0.056284815 0.025188787 0.998097003 14.738016129
0.998529255 0.000567979 -0.054212809 -0.665944278 -0.002060966 0.999620020 -0.027487449 -0.273107290 0.054176595 0.027558751 0.998151004 15.085631371
0.998635590 -0.001667235 -0.052194107 -0.672189355 0.000211338 0.999611080 -0.027887000 -0.293943495 0.052220296 0.027837915 0.998247504 15.472744942
0.998742521 -0.001932336 -0.050096776 -0.692238033 0.000542568 0.999615073 -0.027740439 -0.308808148 0.050131090 0.027678372 0.998358965 15.854298592
0.998800397 -0.001997142 -0.048926763 -0.705953538 0.000706093 0.999651492 -0.026390469 -0.320148408 0.048962414 0.026324265 0.998453617 16.238756180
0.998870671 -0.001853055 -0.047475744 -0.722867608 0.000694183 0.999701738 -0.024414623 -0.330862820 0.047506824 0.024354098 0.998573959 16.644985199
0.998902082 -0.001842797 -0.046811208 -0.736468315 0.000743016 0.999723613 -0.023500521 -0.338174254 0.046841569 0.023439940 0.998627305 17.052402496
0.998935521 -0.000458519 -0.046127375 -0.761981130 -0.000583223 0.999745131 -0.022568043 -0.352665901 0.046125963 0.022570921 0.998680592 17.468065262
0.998854399 0.000504405 -0.047848467 -0.775307596 -0.001597912 0.999738336 -0.022818048 -0.355790377 0.047824431 0.022868369 0.998593867 17.905870438
0.998800099 0.001249806 -0.048956621 -0.798587918 -0.002286228 0.999774277 -0.021119928 -0.367559791 0.048919167 0.021206513 0.998577535 18.339973450
0.998742998 0.001494062 -0.050101645 -0.822959065 -0.002448259 0.999816716 -0.018989278 -0.385278046 0.050064079 0.019088073 0.998563528 18.783868790
0.998714805 0.002967729 -0.050595261 -0.850976527 -0.003910662 0.999820292 -0.018547969 -0.397328585 0.050531127 0.018721990 0.998547018 19.239324570
0.998656988 0.006126143 -0.051446747 -0.882261872 -0.007168005 0.999772429 -0.020091221 -0.405352354 0.051311966 0.020433009 0.998473585 19.708017349
0.998599052 0.007542296 -0.052373905 -0.901468158 -0.008595544 0.999764681 -0.019914113 -0.418563813 0.052211393 0.020336395 0.998428941 20.184076309
0.998565435 0.008568492 -0.052855466 -0.927193403 -0.009470087 0.999813557 -0.016830940 -0.423938960 0.052701399 0.017307339 0.998460352 20.656583786
0.998547733 0.007163478 -0.053395305 -0.949298501 -0.007820409 0.999896109 -0.012104384 -0.432720989 0.053303055 0.012504377 0.998500109 21.135959625
0.998497903 0.005941985 -0.054465558 -0.967585921 -0.006348416 0.999953210 -0.007292195 -0.452570975 0.054419681 0.007627016 0.998488963 21.620904922
0.998493552 0.008008398 -0.054279435 -1.001135707 -0.008350346 0.999946654 -0.006075919 -0.459659100 0.054227881 0.006520018 0.998507321 22.100433350
0.998327971 0.015810575 -0.055599257 -1.028182030 -0.016080091 0.999860942 -0.004403376 -0.468082845 0.055521902 0.005290053 0.998443484 22.572044373
0.998287559 0.016542984 -0.056110326 -1.063054681 -0.016867125 0.999843597 -0.005308211 -0.474267334 0.056013741 0.006245541 0.998410523 23.054109573
0.998247087 0.016182354 -0.056926880 -1.092618942 -0.016595926 0.999839127 -0.006799683 -0.480446339 0.056807682 0.007732518 0.998355210 23.536857605
0.998201251 0.013450574 -0.058423523 -1.106435776 -0.013982238 0.999864399 -0.008700877 -0.485306233 0.058298573 0.009502118 0.998253942 24.039283752
0.998174846 0.012302687 -0.059123382 -1.128490090 -0.012902078 0.999869049 -0.009766938 -0.491315484 0.058995482 0.010511927 0.998202980 24.534524918
0.998170614 0.013756158 -0.058873937 -1.160609245 -0.014308571 0.999857366 -0.008971697 -0.505789280 0.058742136 0.009797686 0.998225033 25.038187027
0.998179853 0.016720425 -0.057941712 -1.194287539 -0.017225577 0.999817729 -0.008229693 -0.513700724 0.057793558 0.009212796 0.998285949 25.539098740
0.998207927 0.018363327 -0.056952223 -1.223387837 -0.018846389 0.999790668 -0.007956346 -0.520985484 0.056794196 0.009015431 0.998345137 26.042476654
0.998321295 0.016458889 -0.055531155 -1.250617027 -0.016913058 0.999827147 -0.007718640 -0.532738745 0.055394527 0.008644884 0.998427093 26.547290802
0.998379827 0.015811438 -0.054659411 -1.270803213 -0.016257668 0.999837875 -0.007728817 -0.543800950 0.054528348 0.008604930 0.998475134 27.062412262
0.998456538 0.014843377 -0.053519025 -1.295826316 -0.015288193 0.999851823 -0.007911506 -0.549305379 0.053393666 0.008717502 0.998535395 27.579174042
0.998516917 0.013665705 -0.052699380 -1.316630244 -0.014109915 0.999867916 -0.008066271 -0.560968518 0.052582186 0.008797891 0.998577774 28.099096298
0.998593330 0.012604718 -0.051501598 -1.341972351 -0.013070685 0.999876559 -0.008720859 -0.567342460 0.051385317 0.009381756 0.998634756 28.626064301
0.998664141 0.012631358 -0.050104626 -1.370350122 -0.013106575 0.999872029 -0.009167291 -0.572136879 0.049982432 0.009811744 0.998701870 29.147163391
0.998679101 0.012701396 -0.049787071 -1.388389826 -0.013180650 0.999869764 -0.009309629 -0.583968520 0.049662348 0.009953559 0.998716414 29.688774109
0.998744726 0.012809973 -0.048424065 -1.417361021 -0.013302924 0.999862790 -0.009871357 -0.591780603 0.048290975 0.010503148 0.998778045 30.217514038
0.998808086 0.011151763 -0.047517885 -1.439871669 -0.011637119 0.999882698 -0.009949754 -0.602711260 0.047401350 0.010490866 0.998820782 30.758390427
0.998820364 0.010723720 -0.047358315 -1.459097743 -0.011234065 0.999881446 -0.010523203 -0.610891581 0.047239859 0.011042817 0.998822570 31.304090500
0.998846710 0.010949370 -0.046746448 -1.484187722 -0.011473459 0.999874055 -0.010957764 -0.621503592 0.046620581 0.011481469 0.998846650 31.849193573
0.998873770 0.009387459 -0.046509232 -1.508973598 -0.009944469 0.999881387 -0.011759496 -0.631971538 0.046393320 0.012208761 0.998848677 32.404582977
0.998858392 0.009150053 -0.046884354 -1.528733253 -0.009747580 0.999873877 -0.012531922 -0.640352249 0.046763778 0.012974624 0.998821735 32.973686218
0.998861730 0.008815529 -0.046876241 -1.550474524 -0.009445845 0.999867618 -0.013241913 -0.651206374 0.046753306 0.013669626 0.998812973 33.535671234
0.998878062 0.008847713 -0.046521913 -1.582007289 -0.009503999 0.999858141 -0.013904769 -0.660668612 0.046392292 0.014331314 0.998820543 34.107357025
0.998836100 0.008681919 -0.047446050 -1.602583885 -0.009333740 0.999864876 -0.013533892 -0.676999211 0.047322143 0.013960991 0.998782098 34.678424835
0.998840213 0.007695481 -0.047531679 -1.622630835 -0.008353592 0.999871731 -0.013662639 -0.688954949 0.047420450 0.014043852 0.998776257 35.273204803
0.998822033 0.007627678 -0.047920644 -1.649465799 -0.008296357 0.999870777 -0.013770500 -0.701617658 0.047809415 0.014151844 0.998756289 35.858253479
0.998760164 0.007372160 -0.049232204 -1.663785934 -0.008051887 0.999874830 -0.013622479 -0.713272691 0.049125619 0.014002001 0.998694479 36.452480316
0.998770535 0.007034973 -0.049070239 -1.701133013 -0.007639915 0.999897003 -0.012151415 -0.731425524 0.048979707 0.012511366 0.998721361 37.034828186
0.998753905 0.007031100 -0.049408481 -1.728610277 -0.007570582 0.999913692 -0.010740143 -0.751467466 0.049328707 0.011100812 0.998720884 37.627037048
0.998721182 0.008610240 -0.049816616 -1.751314402 -0.009184093 0.999893904 -0.011301849 -0.752303958 0.049714018 0.011744916 0.998694420 38.241516113
0.998638570 0.009046563 -0.051373046 -1.775097132 -0.009604375 0.999897420 -0.010621546 -0.764095068 0.051271688 0.011100490 0.998623073 38.839965820
0.998614490 0.009115098 -0.051825594 -1.810362458 -0.009689178 0.999894381 -0.010836734 -0.773079395 0.051721338 0.011323869 0.998597324 39.432300568
0.998542666 0.008854144 -0.053237557 -1.835807681 -0.009473598 0.999890149 -0.011394547 -0.782113433 0.053130832 0.011882293 0.998516798 40.042774200
0.998499513 0.008435331 -0.054106563 -1.870554805 -0.009107452 0.999884248 -0.012187676 -0.793895066 0.053997502 0.012662160 0.998460710 40.632007599
0.998444259 0.009965465 -0.054861560 -1.906274796 -0.010609513 0.999878049 -0.011460786 -0.816771328 0.054740649 0.012025010 0.998428166 41.185894012
0.998371899 0.010161950 -0.056127764 -1.937926650 -0.010911237 0.999855220 -0.013059351 -0.821731329 0.055986926 0.013650512 0.998338103 41.783161163
0.998322368 0.009813759 -0.057062924 -1.973063111 -0.010595723 0.999853849 -0.013417149 -0.827024341 0.056922909 0.013999264 0.998280406 42.385364532
0.998220921 0.007412416 -0.059160329 -1.990442991 -0.008159363 0.999889970 -0.012394234 -0.843218863 0.059061941 0.012854895 0.998171508 42.994815826
0.998244464 0.007116576 -0.058799114 -2.041400194 -0.007761835 0.999912083 -0.010752870 -0.870058060 0.058717426 0.011190382 0.998211920 43.596225739
0.998157978 0.008262660 -0.060102537 -2.072968721 -0.008940947 0.999899268 -0.011025334 -0.880158722 0.060005382 0.011542398 0.998131335 44.199520111
0.998106956 0.009321820 -0.060792390 -2.117056847 -0.010087731 0.999873400 -0.012304059 -0.900313854 0.060670007 0.012894025 0.998074591 44.800121307
0.998051941 0.008862684 -0.061756134 -2.155151367 -0.009873752 0.999821842 -0.016086038 -0.909264326 0.061602574 0.016664464 0.997961700 45.404464722
0.998013496 0.005582245 -0.062753052 -2.182153463 -0.006793329 0.999794424 -0.019102441 -0.926628232 0.062633544 0.019490799 0.997846246 46.000827789
0.997954667 0.003670366 -0.063820295 -2.214551926 -0.005078344 0.999746859 -0.021913396 -0.934545279 0.063723706 0.022192679 0.997720838 46.602878571
0.997975647 0.004372528 -0.063446499 -2.265874863 -0.005850903 0.999715209 -0.023134058 -0.951696634 0.063327275 0.023458447 0.997717083 47.195007324
0.997921288 0.007297805 -0.064031318 -2.314043045 -0.008662377 0.999740720 -0.021059344 -0.971779585 0.063861027 0.021570230 0.997725725 47.782958984
0.997743905 0.006551593 -0.066814363 -2.328637123 -0.007593101 0.999853551 -0.015346075 -0.995071530 0.066704042 0.015818784 0.997647405 48.417484283
0.997671843 0.005757622 -0.067953892 -2.362531662 -0.006392695 0.999937832 -0.009131874 -1.005223632 0.067897096 0.009545021 0.997646749 49.022102356
0.997664034 0.004906089 -0.068134196 -2.401310444 -0.004992076 0.999986947 -0.001091816 -1.020652056 0.068127945 0.001429398 0.997675598 49.629817963
0.997704327 0.006588993 -0.067400679 -2.447288513 -0.006268695 0.999968112 0.004962540 -1.026323318 0.067431226 -0.004528632 0.997713685 50.237041473
0.997778893 0.007435657 -0.066196814 -2.483799934 -0.006917924 0.999943674 0.008046895 -1.032463789 0.066252917 -0.007571079 0.997774065 50.855514526
0.997829139 0.008020044 -0.065365106 -2.518320084 -0.007518068 0.999940336 0.007921920 -1.037819862 0.065424748 -0.007413303 0.997829974 51.458271027
0.997996390 0.008353418 -0.062717617 -2.560729027 -0.008082031 0.999956846 0.004579579 -1.041468263 0.062753171 -0.004063518 0.998020768 52.056182861
0.998070598 0.009124093 -0.061415121 -2.593287468 -0.009109490 0.999958396 0.000517753 -1.042641640 0.061417285 0.000042706 0.998112082 52.660923004
0.998151541 0.006910662 -0.060380388 -2.621900082 -0.007094907 0.999970794 -0.002837541 -1.047024250 0.060359024 0.003260689 0.998171389 53.264057159
0.998274982 0.004692721 -0.058523860 -2.658614397 -0.005038952 0.999970675 -0.005769914 -1.053408861 0.058495067 0.006054861 0.998269320 53.859077454
0.998383343 0.004707701 -0.056644540 -2.693983078 -0.005108912 0.999962866 -0.006940245 -1.061873198 0.056609768 0.007218416 0.998370171 54.460739136
0.998448431 0.007420828 -0.055186726 -2.740577698 -0.007769453 0.999951184 -0.006105351 -1.076353192 0.055138722 0.006524649 0.998457372 55.059768677
0.998425186 0.008310970 -0.055480372 -2.758502007 -0.008668178 0.999943316 -0.006200898 -1.088007927 0.055425685 0.006672046 0.998440504 55.657432556
0.998438358 0.009409443 -0.055066701 -2.791073799 -0.009794394 0.999929428 -0.006724964 -1.095968485 0.054999538 0.007253806 0.998459995 56.255943298
0.998428702 0.009154407 -0.055284496 -2.825228930 -0.009513357 0.999935329 -0.006233034 -1.105086565 0.055223860 0.006749181 0.998451173 56.857856750
0.998385370 0.009287048 -0.056039240 -2.858744621 -0.009684208 0.999929845 -0.006819787 -1.122349024 0.055971965 0.007351472 0.998405218 57.451850891
0.998378336 0.010821581 -0.055888139 -2.895898819 -0.011254126 0.999909043 -0.007430523 -1.135469198 0.055802643 0.008047446 0.998409390 58.049957275
0.998282015 0.012443423 -0.057254624 -2.917116642 -0.012896153 0.999888361 -0.007544621 -1.142832279 0.057154350 0.008270022 0.998331070 58.665687561
0.998225570 0.013366215 -0.058024712 -2.946254015 -0.013819558 0.999876976 -0.007418665 -1.153085709 0.057918411 0.008207377 0.998287618 59.268230438
0.998201847 0.013027117 -0.058508955 -2.980052233 -0.013451027 0.999885976 -0.006857205 -1.162546754 0.058412950 0.007631880 0.998263359 59.863010406
0.998156309 0.012927393 -0.059303667 -3.012398481 -0.013308691 0.999893129 -0.006039071 -1.178405404 0.059219260 0.006817189 0.998221755 60.450092316
0.998157442 0.012903492 -0.059289772 -3.052708149 -0.013286621 0.999893248 -0.006072279 -1.188120484 0.059205085 0.006848850 0.998222351 61.019447327
0.998133659 0.014228185 -0.059386000 -3.087714434 -0.014603546 0.999875903 -0.005891459 -1.198785305 0.059294801 0.006747708 0.998217821 61.609786987
0.998086572 0.012805221 -0.060492031 -3.116807222 -0.013096334 0.999904454 -0.004418354 -1.218695521 0.060429677 0.005202124 0.998158932 62.201023102
0.998084724 0.013428655 -0.060387146 -3.155372858 -0.013746647 0.999893725 -0.004853521 -1.227549314 0.060315549 0.005674345 0.998163223 62.754608154
0.998064280 0.014158661 -0.060557462 -3.191903591 -0.014507763 0.999880552 -0.005328998 -1.232692361 0.060474772 0.006197236 0.998150408 63.334712982
0.998002052 0.014098980 -0.061589129 -3.226920128 -0.014397928 0.999886572 -0.004412804 -1.246966243 0.061519925 0.005290742 0.998091817 63.915157318
0.997886837 0.014699340 -0.063291855 -3.254853487 -0.014973623 0.999880493 -0.003861444 -1.255629539 0.063227527 0.004800992 0.997987568 64.492706299
0.997791290 0.015153715 -0.064674407 -3.291056156 -0.015431364 0.999873698 -0.003795623 -1.260771036 0.064608723 0.004785254 0.997899175 65.066307068
0.997670412 0.016299717 -0.066241227 -3.335454464 -0.016537804 0.999858618 -0.003047457 -1.267302752 0.066182166 0.004135843 0.997798979 65.631614685
0.997517526 0.017702915 -0.068156652 -3.374136209 -0.017881956 0.999838054 -0.002017680 -1.281053782 0.068109892 0.003231445 0.997672617 66.198814392
0.997357786 0.018399354 -0.070277840 -3.416122675 -0.018564131 0.999826193 -0.001692149 -1.289116502 0.070234492 0.002992325 0.997526050 66.762969971
0.997144639 0.018779937 -0.073143393 -3.454888821 -0.018905882 0.999820650 -0.001029895 -1.299931526 0.073110953 0.002409795 0.997320950 67.328521729
0.996966362 0.020201718 -0.075165309 -3.506404877 -0.020379730 0.999791026 -0.001601989 -1.306879044 0.075117238 0.003128978 0.997169852 67.890907288
0.996643245 0.020387879 -0.079289891 -3.542943954 -0.020576917 0.999787033 -0.001567718 -1.319192767 0.079241052 0.003193997 0.996850371 68.449249268
0.996387064 0.021257214 -0.082225256 -3.598433256 -0.021598984 0.999761343 -0.003269183 -1.320505023 0.082136139 0.005033355 0.996608436 69.007484436
0.996104300 0.020745238 -0.085707344 -3.645785809 -0.021156434 0.999768555 -0.003892086 -1.328420639 0.085606769 0.005690185 0.996312797 69.561546326
0.995809734 0.021456931 -0.088896327 -3.698091030 -0.021993853 0.999745250 -0.005064663 -1.336754560 0.088765010 0.006998613 0.996027946 70.111045837
0.995507300 0.020764697 -0.092379868 -3.747474909 -0.021390717 0.999754369 -0.005791471 -1.347183466 0.092236921 0.007741523 0.995706975 70.658660889
0.995132923 0.019782146 -0.096535958 -3.793866396 -0.020482145 0.999770582 -0.006265528 -1.359724402 0.096389852 0.008212296 0.995309770 71.181518555
0.994767070 0.019582883 -0.100275159 -3.841395378 -0.020358972 0.999770164 -0.006722048 -1.368693352 0.100120470 0.008728370 0.994937003 71.711090088
0.994560540 0.019407498 -0.102335505 -3.896935701 -0.020196892 0.999773622 -0.006683192 -1.376661658 0.102182642 0.008713700 0.994727492 72.229438782
0.994449556 0.020675192 -0.103162542 -3.951365948 -0.021414559 0.999752283 -0.006064476 -1.384108782 0.103011586 0.008239997 0.994645953 72.733375549
0.994535625 0.022145540 -0.102020681 -4.006248474 -0.022831948 0.999723852 -0.005565231 -1.386363029 0.101869240 0.007864153 0.994766653 73.227676392
0.994791806 0.024312437 -0.098985188 -4.055831909 -0.024935603 0.999676287 -0.005063124 -1.396395683 0.098830037 0.007505011 0.995075941 73.707069397
0.995250821 0.025742626 -0.093878381 -4.094758987 -0.026250554 0.999646664 -0.004179433 -1.414795399 0.093737602 0.006623943 0.995574892 74.169609070
0.995983124 0.027397407 -0.085247152 -4.128160477 -0.027868478 0.999602199 -0.004340642 -1.423463464 0.085094310 0.006698914 0.996350408 74.614410400
0.996999741 0.030599404 -0.071099967 -4.154769897 -0.030981228 0.999510765 -0.004273453 -1.429995775 0.070934437 0.006463396 0.997460067 75.071647644
0.998130381 0.033862837 -0.050883114 -4.168918133 -0.034106106 0.999410450 -0.003920096 -1.436477661 0.050720364 0.005648193 0.998696983 75.502296448
0.999049067 0.035713170 -0.025010981 -4.164011478 -0.035826765 0.999349535 -0.004108262 -1.444151878 0.024847999 0.005000418 0.999678791 75.927062988
0.999332905 0.035939075 0.006478090 -4.144849777 -0.035908993 0.999343991 -0.004702108 -1.451503277 -0.006642831 0.004466351 0.999967933 76.359375000
0.998452425 0.034311153 0.043763809 -4.103309155 -0.034077030 0.999400675 -0.006084654 -1.460853577 -0.043946356 0.004583897 0.999023378 76.767478943
0.995772958 0.032740187 0.085815795 -4.035832405 -0.032229729 0.999453604 -0.007327310 -1.466858864 -0.086008787 0.004530517 0.996284068 77.184097290
0.990662277 0.030645758 0.132849976 -3.949751854 -0.029724684 0.999518335 -0.008911367 -1.473889470 -0.133059099 0.004879232 0.991096020 77.577934265
0.982663512 0.027521541 0.183343977 -3.834710121 -0.026060747 0.999606550 -0.010372689 -1.485976219 -0.183557317 0.005414782 0.982994080 77.966209412
0.971315384 0.023634020 0.236617789 -3.701457977 -0.021415243 0.999699354 -0.011943154 -1.493308187 -0.236828893 0.006533341 0.971529365 78.344779968
0.956129849 0.020221341 0.292244375 -3.541288376 -0.017231749 0.999769568 -0.012800544 -1.502171755 -0.292435884 0.007203099 0.956257999 78.694725037
0.936550736 0.015599427 0.350185126 -3.357343674 -0.012147913 0.999853611 -0.012050789 -1.510919094 -0.350321829 0.007032157 0.936602890 79.046089172
0.912950277 0.012241485 0.407887191 -3.156867981 -0.008530525 0.999903977 -0.010915682 -1.523025751 -0.407981724 0.006485982 0.912967086 79.371742249
0.885141015 0.006743987 0.465274036 -2.936046600 -0.002859957 0.999954879 -0.009053200 -1.531821251 -0.465314150 0.006682694 0.885120392 79.671653748
0.854168653 0.003319222 0.519985497 -2.694080353 0.000715485 0.999971151 -0.007558423 -1.545396328 -0.519995570 0.006828209 0.854141593 79.956512451
0.818948388 0.003921427 0.573853910 -2.436645508 0.001559443 0.999957681 -0.009058691 -1.549867630 -0.573865294 0.008313493 0.818907499 80.229804993
0.778775871 0.007260930 0.627260268 -2.149497986 -0.000889679 0.999944806 -0.010470404 -1.549592972 -0.627301693 0.007596037 0.778739333 80.529327393
0.734873235 0.010440418 0.678124189 -1.855972290 -0.005273848 0.999939203 -0.009679901 -1.557446241 -0.678184032 0.003537176 0.734883666 80.784667969
0.686599195 0.011447804 0.726945996 -1.531150818 -0.007554503 0.999934375 -0.008611556 -1.558584690 -0.726996899 0.000420972 0.686640620 81.029685974
0.634289920 0.009511289 0.773036838 -1.182247162 -0.005037832 0.999953926 -0.008169606 -1.562399745 -0.773078978 0.001287468 0.634308696 81.251541138
0.578306675 0.008480124 0.815775394 -0.826038361 -0.004440940 0.999963820 -0.007246596 -1.575626135 -0.815807402 0.000567946 0.578323424 81.451538086
0.518434644 0.011500948 0.855039954 -0.467021942 -0.009067922 0.999927282 -0.007951660 -1.578637004 -0.855069160 -0.003631019 0.518501341 81.626037598
0.457316369 0.012421599 0.889217377 -0.094810486 -0.009830257 0.999911964 -0.008912295 -1.582616568 -0.889249742 -0.004665497 0.457398295 81.776794434
0.399876982 0.011463870 0.916497111 0.318382263 -0.007601066 0.999928832 -0.009191043 -1.592095852 -0.916537285 -0.003291068 0.399935663 81.900695801
0.345910430 0.010694265 0.938206613 0.715909958 -0.002489093 0.999941945 -0.010480252 -1.597892046 -0.938264251 0.001289945 0.345917016 81.996246338
0.296273440 0.010674969 0.955043495 1.116495132 0.001714449 0.999930084 -0.011708541 -1.603948832 -0.955101609 0.005106302 0.296234369 82.068183899
0.251147866 0.011121898 0.967884779 1.531116486 0.003633468 0.999916136 -0.012432785 -1.614717603 -0.967941821 0.006639245 0.251086384 82.136650085
0.210475057 0.011374224 0.977533042 1.944093704 0.003967935 0.999914229 -0.012488988 -1.622275352 -0.977591157 0.006507408 0.210411876 82.195251465
0.173862219 0.011612482 0.984701455 2.366819382 0.005271337 0.999905169 -0.012722503 -1.631315708 -0.984755874 0.007402657 0.173784494 82.239158630
0.141060561 0.012439443 0.989922822 2.787209511 0.007656081 0.999877453 -0.013655499 -1.637410164 -0.989971340 0.009505182 0.140948042 82.280517578
0.113302574 0.013308942 0.993471384 3.213149071 0.009884121 0.999845624 -0.014521593 -1.648541570 -0.993511379 0.011464924 0.113153547 82.299232483
0.088630266 0.014470755 0.995959461 3.653625011 0.010804656 0.999821603 -0.015488375 -1.654122829 -0.996006072 0.012133736 0.088458121 82.316238403
0.066230461 0.014647787 0.997696877 4.104094028 0.012004288 0.999808073 -0.015475671 -1.665649891 -0.997732103 0.013001602 0.066041932 82.330993652
0.047032781 0.015734434 0.998769403 4.558059216 0.013881029 0.999769092 -0.016403850 -1.673877358 -0.998796940 0.014635464 0.046803504 82.339935303
0.030950382 0.017331064 0.999370635 5.029374123 0.016734403 0.999700546 -0.017855046 -1.683811069 -0.999380887 0.017276492 0.030651085 82.336189270
0.017382333 0.018986873 0.999668598 5.513244629 0.017983010 0.999652028 -0.019299252 -1.695268035 -0.999687195 0.018312514 0.017034844 82.332229614
0.007540326 0.019321168 0.999784768 5.997129440 0.018819377 0.999633491 -0.019460177 -1.708075881 -0.999794483 0.018962067 0.007173948 82.325820923
0.000796111 0.019153349 0.999816239 6.503029823 0.019725624 0.999621689 -0.019165333 -1.720261812 -0.999805093 0.019737251 0.000418002 82.317825317
-0.003354769 0.019822406 0.999797881 7.022774220 0.020465955 0.999595463 -0.019749722 -1.727704763 -0.999784946 0.020395560 -0.003759095 82.307388306
-0.006055816 0.019841561 0.999784768 7.562758923 0.021198668 0.999580979 -0.019709114 -1.739183426 -0.999756932 0.021074750 -0.006473894 82.297889709
-0.006899965 0.018846426 0.999798596 8.113481522 0.019988818 0.999625266 -0.018705210 -1.749064565 -0.999776423 0.019855727 -0.007274096 82.296394348
-0.005640441 0.017921338 0.999823451 8.674964905 0.019304508 0.999654949 -0.017809412 -1.761145830 -0.999797761 0.019200647 -0.005984457 82.291633606
-0.003317942 0.017182004 0.999846876 9.241680145 0.019093605 0.999671102 -0.017115625 -1.775875211 -0.999812186 0.019033890 -0.003644918 82.289169312
-0.000656996 0.016900923 0.999856949 9.840093613 0.019411063 0.999669015 -0.016884986 -1.783079028 -0.999811351 0.019397192 -0.000984843 82.290962219
0.002978799 0.016807700 0.999854326 10.439520836 0.019001212 0.999677300 -0.016861333 -1.793842912 -0.999814928 0.019048668 0.002658471 82.293006897
0.006814476 0.017174572 0.999829233 11.049815178 0.018154938 0.999685526 -0.017295839 -1.802828550 -0.999811947 0.018269701 0.006500529 82.299873352
0.010561710 0.015332984 0.999826550 11.691720963 0.018592294 0.999706566 -0.015527539 -1.818863869 -0.999771357 0.018753067 0.010273536 82.310783386
0.015426741 0.013778957 0.999786079 12.336803436 0.018886944 0.999722600 -0.014069509 -1.834124088 -0.999702632 0.019099955 0.015162219 82.311325073
0.020605069 0.013011022 0.999703050 12.987525940 0.019397816 0.999721825 -0.013411081 -1.842573643 -0.999599576 0.019668391 0.020346956 82.319244385
0.024908679 0.011189419 0.999627054 13.645942688 0.020821836 0.999714613 -0.011709236 -1.856790900 -0.999472916 0.021105733 0.024668586 82.339126587
0.029757051 0.010906742 0.999497652 14.312561989 0.021710047 0.999697506 -0.011555275 -1.865095854 -0.999321401 0.022042992 0.029511265 82.355239868
0.034474682 0.009070031 0.999364436 14.975752831 0.022151047 0.999706149 -0.009837269 -1.881089211 -0.999160051 0.022476103 0.034263644 82.377174377
0.039199673 0.008027615 0.999199092 15.640336990 0.021869460 0.999721289 -0.008889773 -1.889561296 -0.998992085 0.022200420 0.039013185 82.403480530
0.044006605 0.007810656 0.999000609 16.313529968 0.021983331 0.999719679 -0.008784657 -1.902420998 -0.998789370 0.022347948 0.043822560 82.432243347
0.047148563 0.007699577 0.998858213 16.996957779 0.022354946 0.999711633 -0.008761363 -1.911396623 -0.998637736 0.022742508 0.046962846 82.465324402
0.047837995 0.007999343 0.998823106 17.682298660 0.021236964 0.999733746 -0.009023767 -1.923017979 -0.998629272 0.021643646 0.047655374 82.499458313
0.047238480 0.009320005 0.998840153 18.391822815 0.020920008 0.999727905 -0.010317666 -1.927905321 -0.998664558 0.021383137 0.047030658 82.538452148
0.047242533 0.009063773 0.998842299 19.073268890 0.021586461 0.999716043 -0.010092682 -1.950148582 -0.998650134 0.022038272 0.047033470 82.557289124
0.046458833 0.009920666 0.998870909 19.780662537 0.022910435 0.999677122 -0.010994267 -1.959788322 -0.998657405 0.023395350 0.046216544 82.587265015
0.045866929 0.010277682 0.998894691 20.495998383 0.023932984 0.999648869 -0.011384388 -1.975499034 -0.998660743 0.024428697 0.045604847 82.616241455
0.045265384 0.009388043 0.998930991 21.206974030 0.024352115 0.999648273 -0.010498275 -1.987822056 -0.998678148 0.024801290 0.045020845 82.640495300
0.044597719 0.008674292 0.998967350 21.929445267 0.024293458 0.999657154 -0.009764834 -1.999686241 -0.998709619 0.024703860 0.044371694 82.672019958
0.044040006 0.007979332 0.998997927 22.653839111 0.025105204 0.999643445 -0.009091234 -2.015849829 -0.998714328 0.025480423 0.043823980 82.699020386
0.043620508 0.008740219 0.999009907 23.378744125 0.025295446 0.999631464 -0.009850150 -2.023018837 -0.998727798 0.025700074 0.043383345 82.728202820
0.043737993 0.009399486 0.998998761 24.102970123 0.025432674 0.999621153 -0.010518828 -2.041415930 -0.998719156 0.025867281 0.043482371 82.755767822
0.043923322 0.011670484 0.998966753 24.825143814 0.026044013 0.999578536 -0.012822755 -2.054329634 -0.998695374 0.026580323 0.043600865 82.786247253
0.044293094 0.012229171 0.998943746 25.552146912 0.027437471 0.999532998 -0.013452958 -2.069623947 -0.998641729 0.028004363 0.043936882 82.815414429
0.044915400 0.012323719 0.998914778 26.274188995 0.029160731 0.999481618 -0.013641901 -2.087206125 -0.998565018 0.029741814 0.044532754 82.841339111
0.045155432 0.011052301 0.998918772 27.002113342 0.029885050 0.999476314 -0.012409400 -2.101228714 -0.998532832 0.030413091 0.044801489 82.870460510
0.045738820 0.008711930 0.998915434 27.729097366 0.029308921 0.999519706 -0.010059214 -2.116357803 -0.998523295 0.029737229 0.045461517 82.903152466
0.046218392 0.007598982 0.998902500 28.458917618 0.029245567 0.999532163 -0.008956941 -2.129137278 -0.998503149 0.029627444 0.045974534 82.935546875
0.046463426 0.007104250 0.998894751 29.184038162 0.029868482 0.999517739 -0.008498007 -2.144784927 -0.998473346 0.030230319 0.046228826 82.965339661
0.046979930 0.008110549 0.998862982 29.905653000 0.029194426 0.999528706 -0.009489069 -2.156988859 -0.998469114 0.029607024 0.046721008 82.994949341
0.045243844 0.009090767 0.998934686 30.635566711 0.027410129 0.999570906 -0.010338018 -2.172340631 -0.998599887 0.027848661 0.044975251 83.029609680
0.042841282 0.009322694 0.999038398 31.362518311 0.025251327 0.999626875 -0.010411028 -2.189109564 -0.998762667 0.025673067 0.042589884 83.065879822
0.040526047 0.009150798 0.999136567 32.076282501 0.024024913 0.999659956 -0.010130069 -2.204188347 -0.998889565 0.024414701 0.040292419 83.089874268
0.038283627 0.008968936 0.999226630 32.799488068 0.023285307 0.999680102 -0.009865145 -2.219193459 -0.998995483 0.023644974 0.038062535 83.116882324
0.036327779 0.008774897 0.999301314 33.518531799 0.022720722 0.999695659 -0.009604330 -2.232765436 -0.999081612 0.023053756 0.036117353 83.144187927
0.034129959 0.009192955 0.999375105 34.247493744 0.023066003 0.999684095 -0.009983531 -2.249722242 -0.999151170 0.023392327 0.033907134 83.167808533
0.032383192 0.009360095 0.999431670 34.962379456 0.021011703 0.999728799 -0.010043690 -2.263213634 -0.999254644 0.021325011 0.032177739 83.205055237
0.031413533 0.009126773 0.999464810 35.680110931 0.022049334 0.999708652 -0.009822019 -2.274093151 -0.999263287 0.022346077 0.031203147 83.211891174
0.030836696 0.008380241 0.999489307 36.403167725 0.022983380 0.999694526 -0.009091057 -2.293548584 -0.999260128 0.023251979 0.030634673 83.227653503
0.030308153 0.008343719 0.999505758 37.131229401 0.022993706 0.999694765 -0.009042537 -2.301538229 -0.999276102 0.023256408 0.030107055 83.258438110
0.030755796 0.007511940 0.999498725 37.859931946 0.024081370 0.999675930 -0.008254287 -2.319078922 -0.999236822 0.024323162 0.030564930 83.263031006
0.030896133 0.008385125 0.999487400 38.584648132 0.023968797 0.999671042 -0.009127588 -2.330499411 -0.999235213 0.024238514 0.030684987 83.285011292
0.031234713 0.008691484 0.999474287 39.299156189 0.023881046 0.999670208 -0.009439499 -2.341459751 -0.999226809 0.024163334 0.031016845 83.307571411
0.031355344 0.008922206 0.999468446 40.013156891 0.023831250 0.999669194 -0.009671631 -2.354566336 -0.999224126 0.024121838 0.031132340 83.328186035
0.031601191 0.008638548 0.999463260 40.735733032 0.023849271 0.999671459 -0.009394417 -2.366892099 -0.999216020 0.024133345 0.031384777 83.350418091
0.032431595 0.008232675 0.999440074 41.461803436 0.023772473 0.999676824 -0.009006035 -2.382372379 -0.999191225 0.024051243 0.032225400 83.366333008
0.032119107 0.007757864 0.999453962 42.177261353 0.023446916 0.999688864 -0.008513192 -2.399500132 -0.999208927 0.023707550 0.031927217 83.391998291
0.032099560 0.008330874 0.999450028 42.902488708 0.022459213 0.999706864 -0.009054341 -2.410197735 -0.999232292 0.022737499 0.031903040 83.413627625
0.031327602 0.007972973 0.999477386 43.617286682 0.021571077 0.999729872 -0.008651113 -2.426581144 -0.999276400 0.021830823 0.031147150 83.441329956
0.030720457 0.008249130 0.999494016 44.341506958 0.020859251 0.999742925 -0.008892315 -2.439807653 -0.999310374 0.021121871 0.030540485 83.461456299
0.029988192 0.008494245 0.999514103 45.059833527 0.021156926 0.999734402 -0.009130884 -2.451673269 -0.999326289 0.021420462 0.029800516 83.482391357
0.029209530 0.007990491 0.999541402 45.778503418 0.021641221 0.999728560 -0.008624407 -2.468930960 -0.999338984 0.021883208 0.029028671 83.498115540
0.028471434 0.008469068 0.999558806 46.502845764 0.021758439 0.999721885 -0.009090218 -2.483113050 -0.999357700 0.022007648 0.028279239 83.518035889
0.027448464 0.008611789 0.999586105 47.236652374 0.022208489 0.999710798 -0.009222704 -2.498757839 -0.999376416 0.022452444 0.027249269 83.538963318
0.026975801 0.009516216 0.999590814 47.945270538 0.021615829 0.999715269 -0.010100746 -2.509356022 -0.999402344 0.021879457 0.026762422 83.555603027
0.026829271 0.009820790 0.999591827 48.669410706 0.021301437 0.999719143 -0.010393777 -2.521509647 -0.999413013 0.021571597 0.026612537 83.572372437
0.026283903 0.009270829 0.999611497 49.396392822 0.021124307 0.999728560 -0.009827361 -2.535607815 -0.999431312 0.021374403 0.026080929 83.597221375
0.025977489 0.008985233 0.999622226 50.112644196 0.020841140 0.999737382 -0.009527878 -2.550777674 -0.999445260 0.021080775 0.025783405 83.615447998
0.025943339 0.009004649 0.999622822 50.861160278 0.020202298 0.999750435 -0.009530113 -2.563852549 -0.999459267 0.020441923 0.025754953 83.623268127
0.025331445 0.008954456 0.999638975 51.587261200 0.018684549 0.999780893 -0.009429206 -2.577504635 -0.999504566 0.018916653 0.025158588 83.646102905
0.025225075 0.009276981 0.999638736 52.313133240 0.017458007 0.999800384 -0.009719020 -2.590652943 -0.999529362 0.017696863 0.025058083 83.661994934
0.024751686 0.009566113 0.999647796 53.041145325 0.017293843 0.999800444 -0.009995776 -2.603175163 -0.999544084 0.017535167 0.024581311 83.681411743
0.024583705 0.009355469 0.999654114 53.769828796 0.018130971 0.999787509 -0.009802599 -2.623455763 -0.999533355 0.018365685 0.024408862 83.689712524
0.024481460 0.009174444 0.999658227 54.493408203 0.017785262 0.999795616 -0.009611262 -2.636770010 -0.999542177 0.018014481 0.024313288 83.707031250
0.024092406 0.008870975 0.999670386 55.212604523 0.016848920 0.999815047 -0.009278322 -2.649557114 -0.999567747 0.017066905 0.023938484 83.724662781
0.024302050 0.007940576 0.999673128 55.939662933 0.016619846 0.999827027 -0.008345827 -2.670058250 -0.999566555 0.016817234 0.024165876 83.737976074
0.024023203 0.007810266 0.999680877 56.667179108 0.018960124 0.999786079 -0.008266716 -2.681526423 -0.999531507 0.019152667 0.023869978 83.754638672
