0.999997318 0.002171129 -0.000715461 -0.000756360 -0.002172098 0.999996722 -0.001356139 0.005491213 0.000712514 0.001357689 0.999998748 0.047623951
0.999994874 0.003013534 -0.001062194 -0.000995573 -0.003014923 0.999994516 -0.001307804 0.007928116 0.001058247 0.001311000 0.999998510 0.071057938
0.999991238 0.003914674 -0.001431629 -0.001288748 -0.003917539 0.999990225 -0.002003785 0.010702129 0.001423770 0.002009375 0.999996960 0.094826184
0.999990642 0.004070495 -0.001478320 -0.001719526 -0.004073595 0.999989629 -0.002098751 0.013179745 0.001469761 0.002104754 0.999996722 0.117553703
0.999992251 0.003626871 -0.001532745 -0.001992907 -0.003629712 0.999991834 -0.001854614 0.015775466 0.001526006 0.001860164 0.999997020 0.140584290
0.999994159 0.003098222 -0.001439415 -0.002241540 -0.003099637 0.999994695 -0.000981993 0.018334262 0.001436365 0.000986449 0.999998510 0.163492709
0.999994934 0.002784189 -0.001511685 -0.002649638 -0.002785296 0.999995828 -0.000730387 0.020908633 0.001509645 0.000734593 0.999998569 0.186336562
0.999996066 0.002280758 -0.001585808 -0.003006032 -0.002281069 0.999997318 -0.000193568 0.023492128 0.001585362 0.000197185 0.999998748 0.208836645
0.999996662 0.001951103 -0.001648578 -0.003191534 -0.001949994 0.999997854 0.000674260 0.026019305 0.001649890 -0.000671044 0.999998450 0.230991021
0.999997199 0.001545400 -0.001801945 -0.003484829 -0.001543773 0.999998391 0.000904263 0.028477022 0.001803340 -0.000901479 0.999997973 0.252730757
0.999998450 0.000081809 -0.001753905 -0.003701468 -0.000078980 0.999998748 0.001613160 0.030690696 0.001754034 -0.001613019 0.999997139 0.274740547
0.999998391 -0.000198072 -0.001779194 -0.004147239 0.000199548 0.999999583 0.000829174 0.033435442 0.001779029 -0.000829527 0.999998093 0.296264142
0.999998450 0.000010495 -0.001752823 -0.004580365 -0.000008254 0.999999225 0.001278739 0.035947207 0.001752835 -0.001278723 0.999997735 0.317737132
0.999997139 -0.001167894 -0.002074937 -0.004621077 0.001171860 0.999997497 0.001911443 0.038274154 0.002072700 -0.001913869 0.999996006 0.338864207
0.999996066 -0.001898378 -0.002057092 -0.004939843 0.001902163 0.999996483 0.001839418 0.040641632 0.002053593 -0.001843324 0.999996185 0.360112846
0.999992549 -0.003202592 -0.002148041 -0.005138358 0.003205692 0.999993801 0.001441641 0.042932089 0.002143411 -0.001448516 0.999996662 0.380383819
0.999991119 -0.003647860 -0.002110153 -0.005400416 0.003647406 0.999993265 -0.000218622 0.045523010 0.002110937 0.000210924 0.999997795 0.401401341
0.999994516 -0.002144383 -0.002501733 -0.005850608 0.002145547 0.999997616 0.000462859 0.047410365 0.002500734 -0.000468224 0.999996781 0.420654297
0.999993980 -0.002388232 -0.002497125 -0.006004139 0.002389237 0.999997079 0.000399775 0.049516350 0.002496162 -0.000405739 0.999996841 0.440881014
0.999994695 -0.002819897 -0.001624399 -0.006482511 0.002820451 0.999995947 0.000338811 0.051900454 0.001623438 -0.000343390 0.999998629 0.460484147
0.999996483 -0.001963110 -0.001763943 -0.006910266 0.001964906 0.999997497 0.001016630 0.054322805 0.001761943 -0.001020092 0.999997914 0.480475694
0.999995530 -0.002159806 -0.002078340 -0.007010624 0.002163820 0.999995768 0.001931243 0.056490880 0.002074160 -0.001935731 0.999995947 0.499623358
0.999994695 -0.002417929 -0.002189598 -0.007342848 0.002422896 0.999994457 0.002268660 0.058816750 0.002184101 -0.002273953 0.999994993 0.519006968
0.999997139 -0.001123318 -0.002114403 -0.007609953 0.001129097 0.999995589 0.002733730 0.060640927 0.002111323 -0.002736109 0.999994040 0.537640810
0.999997616 -0.000268690 -0.002164732 -0.007962272 0.000271949 0.999998748 0.001505150 0.062903896 0.002164325 -0.001505736 0.999996543 0.556406736
0.999997199 -0.000660775 -0.002283721 -0.008177559 0.000662509 0.999999523 0.000758728 0.065073416 0.002283219 -0.000760239 0.999997139 0.575324953
0.999995112 -0.001466880 -0.002741735 -0.008310047 0.001468357 0.999998748 0.000536914 0.067028321 0.002740945 -0.000540937 0.999996126 0.592987180
0.999996722 -0.000893983 -0.002419491 -0.008923933 0.000895334 0.999999464 0.000557389 0.069056585 0.002418992 -0.000559553 0.999997020 0.610760033
0.999997377 -0.001063942 -0.002022396 -0.009275128 0.001065388 0.999999106 0.000713898 0.070884734 0.002021635 -0.000716051 0.999997675 0.628709376
0.999996603 -0.000872030 -0.002466080 -0.009168912 0.000873009 0.999999523 0.000395962 0.073093124 0.002465734 -0.000398114 0.999996901 0.646886706
0.999997437 0.000242713 -0.002268987 -0.009676902 -0.000242786 0.999999940 -0.000032170 0.075242028 0.002268980 0.000032720 0.999997437 0.664414406
0.999997675 0.000824084 -0.002034236 -0.010103070 -0.000825546 0.999999404 -0.000718142 0.076994002 0.002033644 0.000719820 0.999997675 0.681406319
0.999996781 0.001174098 -0.002249463 -0.010178744 -0.001177651 0.999998152 -0.001579129 0.078950167 0.002247604 0.001581773 0.999996245 0.698856056
0.999995470 0.001615667 -0.002536647 -0.010318288 -0.001621293 0.999996245 -0.002217464 0.080850609 0.002533054 0.002221567 0.999994338 0.715819538
0.999996841 0.000681866 -0.002428937 -0.010564081 -0.000687576 0.999997020 -0.002350998 0.082645096 0.002427327 0.002352661 0.999994338 0.732589900
0.999996245 0.000564167 -0.002672996 -0.010747741 -0.000570020 0.999997556 -0.002189286 0.084582493 0.002671754 0.002190801 0.999994040 0.749364138
0.999994576 0.002019829 -0.002595359 -0.011063443 -0.002027801 0.999993265 -0.003072569 0.086520255 0.002589136 0.003077815 0.999991953 0.766371787
0.999990523 0.003855739 -0.002028485 -0.011531267 -0.003860965 0.999989271 -0.002578499 0.088327408 0.002018521 0.002586306 0.999994695 0.783209741
0.999986470 0.004553381 -0.002515477 -0.011773136 -0.004559447 0.999986708 -0.002410914 0.090367250 0.002504466 0.002422351 0.999993861 0.799453557
0.999995291 0.002461882 -0.001847741 -0.011997727 -0.002468051 0.999991357 -0.003344123 0.091975324 0.001839492 0.003348667 0.999992669 0.815830171
0.999993980 0.002747197 -0.002148551 -0.012249707 -0.002756407 0.999987006 -0.004295038 0.093988627 0.002136724 0.004300934 0.999988377 0.832569778
0.999994159 0.002191864 -0.002619036 -0.012325577 -0.002201880 0.999990344 -0.003827407 0.095752925 0.002610622 0.003833153 0.999989271 0.848694086
0.999996841 0.001237044 -0.002189632 -0.012624632 -0.001246561 0.999989748 -0.004350519 0.097447202 0.002184228 0.004353235 0.999988198 0.864951789
0.999996543 0.001600260 -0.002131413 -0.012585495 -0.001611075 0.999985754 -0.005082047 0.099177152 0.002123250 0.005085463 0.999984860 0.881501436
0.999994278 0.002777188 -0.001935652 -0.012816786 -0.002790413 0.999972522 -0.006863761 0.101049416 0.001916537 0.006869124 0.999974549 0.897285521
0.999992609 0.003569016 -0.001433182 -0.013229329 -0.003577261 0.999976814 -0.005792165 0.102927342 0.001412477 0.005797249 0.999982238 0.913136065
0.999994636 0.002838277 -0.001636463 -0.013372244 -0.002845895 0.999984920 -0.004672372 0.104546316 0.001623177 0.004677003 0.999987781 0.929160297
0.999995947 0.001885378 -0.002125823 -0.013436982 -0.001895660 0.999986589 -0.004845234 0.108411975 0.002116659 0.004849244 0.999985993 0.961885095
0.999997735 0.001531191 -0.001490102 -0.013792705 -0.001538858 0.999985516 -0.005157784 0.110326573 0.001482183 0.005160065 0.999985635 0.977941453
0.999998987 0.001038850 -0.000975238 -0.013930557 -0.001043370 0.999988675 -0.004645319 0.112113789 0.000970402 0.004646331 0.999988675 0.993851364
0.999998152 0.001473709 -0.001244995 -0.014068123 -0.001479196 0.999989152 -0.004417698 0.113917269 0.001238471 0.004419532 0.999989390 1.009928346
0.999999046 0.001125931 -0.000859793 -0.014584126 -0.001130009 0.999988079 -0.004757401 0.115856066 0.000854427 0.004758368 0.999988258 1.025697947
0.999999344 -0.000452332 -0.001051766 -0.014417292 0.000447267 0.999988317 -0.004811320 0.117874399 0.001053930 0.004810846 0.999987900 1.041898608
0.999998987 -0.000971320 -0.001052222 -0.014485966 0.000966818 0.999990404 -0.004270334 0.119475067 0.001056360 0.004269311 0.999990344 1.058469653
0.999999285 -0.000890834 -0.000842885 -0.014810764 0.000887496 0.999991775 -0.003952007 0.121219650 0.000846399 0.003951256 0.999991894 1.074001551
0.999998569 -0.001589798 -0.000629652 -0.014908253 0.001587279 0.999990821 -0.003981323 0.123037852 0.000635976 0.003980318 0.999991894 1.090234399
0.999996603 -0.002452368 -0.000905874 -0.014721124 0.002448804 0.999989331 -0.003913215 0.124867983 0.000915461 0.003910983 0.999991953 1.105732083
0.999997497 -0.001954615 -0.001083680 -0.014864166 0.001950774 0.999991894 -0.003533871 0.126805484 0.001090579 0.003531748 0.999993205 1.121536970
0.999994695 -0.002969520 -0.001347532 -0.014694129 0.002965083 0.999990225 -0.003282545 0.128529742 0.001357266 0.003278532 0.999993742 1.137609839
0.999994695 -0.003176885 -0.000729747 -0.015127236 0.003174153 0.999988019 -0.003714127 0.130380630 0.000741538 0.003711792 0.999992847 1.153081417
0.999996245 -0.002652960 -0.000613638 -0.015599869 0.002650580 0.999989092 -0.003847575 0.132134691 0.000623839 0.003845935 0.999992430 1.168863773
0.999995232 -0.002898274 -0.001057216 -0.015636964 0.002893698 0.999986470 -0.004304276 0.133974388 0.001069677 0.004301197 0.999990106 1.184628725
0.999995232 -0.002804244 -0.001291729 -0.016319204 0.002798155 0.999985039 -0.004692066 0.137481287 0.001304867 0.004688429 0.999988139 1.215959191
0.999993503 -0.003304963 -0.001448920 -0.016425569 0.003297038 0.999979734 -0.005438522 0.139551237 0.001466865 0.005433710 0.999984145 1.232006907
0.999995589 -0.002258800 -0.001933330 -0.017013712 0.002245829 0.999975145 -0.006685051 0.143142611 0.001948382 0.006680679 0.999975741 1.263392806
0.999995351 -0.002380773 -0.001914260 -0.017308645 0.002366054 0.999967873 -0.007655209 0.145122573 0.001932424 0.007650645 0.999968886 1.279044390
0.999995232 -0.002096313 -0.002277273 -0.017587291 0.002078047 0.999965906 -0.007994067 0.146795526 0.002293953 0.007989295 0.999965429 1.294950604
0.999994755 -0.001931053 -0.002607161 -0.017776307 0.001909549 0.999964297 -0.008225367 0.148500204 0.002622952 0.008220346 0.999962747 1.310917854
0.999993324 -0.002029283 -0.003051041 -0.017904071 0.002003797 0.999963284 -0.008333230 0.150215954 0.003067840 0.008327062 0.999960601 1.326418996
0.999992251 -0.001525285 -0.003639224 -0.018086350 0.001493975 0.999961972 -0.008590776 0.152091458 0.003652189 0.008585270 0.999956429 1.342502475
0.999991298 -0.000864188 -0.004081798 -0.018389940 0.000828333 0.999961138 -0.008777805 0.153960586 0.004089225 0.008774348 0.999953151 1.358737230
0.999989927 0.000215336 -0.004487247 -0.019636979 -0.000250898 0.999968529 -0.007926309 0.157078251 0.004485399 0.007927353 0.999958456 1.399995089
0.999983072 0.001549451 -0.005603649 -0.020037159 -0.001600218 0.999957681 -0.009066366 0.161188141 0.005589363 0.009075179 0.999943197 1.422731876
0.999978483 0.001111902 -0.006479977 -0.020085957 -0.001172702 0.999955177 -0.009386441 0.163002729 0.006469251 0.009393839 0.999934912 1.440741181
0.999975264 0.000020617 -0.007041465 -0.020513631 -0.000085982 0.999956787 -0.009282624 0.164668560 0.007040971 0.009283002 0.999932051 1.457144976
0.999968529 -0.000159367 -0.007950759 -0.020799033 0.000087744 0.999959409 -0.009007815 0.166831553 0.007951872 0.009006834 0.999927759 1.473593473
0.999962211 -0.001312176 -0.008593529 -0.021545086 0.001240775 0.999964714 -0.008308754 0.168805599 0.008604127 0.008297776 0.999928534 1.490831256
0.999955058 -0.002264866 -0.009210162 -0.022510638 0.002195273 0.999969065 -0.007559227 0.170980215 0.009226997 0.007538669 0.999929011 1.508163691
0.999942839 -0.002727939 -0.010329175 -0.022207916 0.002657706 0.999973238 -0.006807132 0.173083052 0.010347467 0.006779291 0.999923468 1.525373101
0.999935329 -0.002012632 -0.011189908 -0.022795305 0.001946213 0.999980390 -0.005943339 0.174770311 0.011201650 0.005921176 0.999919653 1.541433811
0.999921918 -0.001899950 -0.012344533 -0.023119077 0.001833129 0.999983609 -0.005422041 0.176871896 0.012354632 0.005398989 0.999909043 1.559639931
0.999908745 -0.002651620 -0.013243997 -0.023515262 0.002578735 0.999981463 -0.005517301 0.178915501 0.013258382 0.005482645 0.999897063 1.577787757
0.999898493 -0.002428647 -0.014036882 -0.024375454 0.002352070 0.999982238 -0.005469363 0.181137219 0.014049917 0.005435793 0.999886513 1.595739245
0.999874294 -0.003252964 -0.015519723 -0.024594987 0.003160667 0.999977171 -0.005967898 0.183209896 0.015538783 0.005918094 0.999861777 1.612945795
0.999853015 -0.003949763 -0.016681718 -0.024943454 0.003833235 0.999968112 -0.007011545 0.185568586 0.016708879 0.006946570 0.999836266 1.630682707
0.999845266 -0.004377827 -0.017040582 -0.025975520 0.004240575 0.999958336 -0.008082188 0.187595874 0.017075256 0.008008676 0.999822140 1.648347378
0.999831200 -0.004862816 -0.017715702 -0.026231332 0.004707548 0.999950349 -0.008795540 0.189451411 0.017757591 0.008710659 0.999804497 1.666485667
0.999815822 -0.005421303 -0.018405501 -0.026543407 0.005238585 0.999936700 -0.009961071 0.191768453 0.018458337 0.009862819 0.999781013 1.684576392
0.999814272 -0.005210087 -0.018552925 -0.027384851 0.005018997 0.999934137 -0.010331411 0.193156302 0.018605525 0.010236374 0.999774516 1.701346517
0.999800980 -0.005844638 -0.019074881 -0.028002594 0.005635037 0.999923348 -0.011023672 0.195541352 0.019137846 0.010913991 0.999757409 1.720445037
0.999799728 -0.005484294 -0.019247966 -0.030169474 0.005236285 0.999902904 -0.012911754 0.202007726 0.019316906 0.012808381 0.999731362 1.776282549
0.999789774 -0.006116257 -0.019573307 -0.030531406 0.005855647 0.999893725 -0.013344305 0.204072937 0.019652843 0.013226884 0.999719381 1.794561386
0.999784529 -0.007235609 -0.019457493 -0.030986158 0.006986410 0.999893069 -0.012845003 0.205832511 0.019548357 0.012706297 0.999728203 1.813111544
0.999779522 -0.008131632 -0.019361855 -0.031648986 0.007900003 0.999896705 -0.012009717 0.207698017 0.019457513 0.011854109 0.999740422 1.831676006
0.999786973 -0.007913113 -0.019063544 -0.032367971 0.007689920 0.999901414 -0.011752845 0.210232005 0.019154664 0.011603746 0.999749243 1.850627303
0.999780297 -0.007941878 -0.019399229 -0.032573108 0.007722220 0.999905527 -0.011371843 0.212297350 0.019487714 0.011219539 0.999747157 1.869644523
0.999807537 -0.006262198 -0.018596875 -0.034028493 0.006046060 0.999913752 -0.011655876 0.214890346 0.018668264 0.011541195 0.999759138 1.888618231
0.999826550 -0.004077175 -0.018172191 -0.035114288 0.003858265 0.999919832 -0.012065261 0.216632307 0.018219924 0.011993054 0.999762058 1.906278133
0.999816000 -0.004234006 -0.018708417 -0.034537304 0.003996866 0.999911427 -0.012694805 0.218446910 0.018760517 0.012617693 0.999744296 1.927055001
0.999826908 -0.003186586 -0.018333025 -0.035451155 0.002937645 0.999903321 -0.013589795 0.220961660 0.018374564 0.013533585 0.999739468 1.946411014
0.999829471 -0.003929191 -0.018044453 -0.036006976 0.003679580 0.999897361 -0.013845619 0.222809613 0.018097008 0.013776862 0.999741197 1.964486241
0.999830902 -0.004639688 -0.017791975 -0.036517899 0.004399590 0.999899030 -0.013510210 0.225102529 0.017852861 0.013429648 0.999750376 1.985008836
0.999828637 -0.005917900 -0.017539201 -0.036756303 0.005695208 0.999902844 -0.012719755 0.227104485 0.017612770 0.012617687 0.999765277 2.004152775
0.999843180 -0.006063737 -0.016641401 -0.037623338 0.005868638 0.999913752 -0.011747571 0.229172558 0.016711202 0.011648066 0.999792457 2.022971153
0.999848723 -0.005946457 -0.016346127 -0.038004659 0.005773454 0.999926925 -0.010610701 0.231347203 0.016408030 0.010514720 0.999810100 2.042868376
0.999862909 -0.004440650 -0.015952045 -0.038683508 0.004291652 0.999947011 -0.009362468 0.233318239 0.015992776 0.009292725 0.999828815 2.062016964
0.999860406 -0.003113411 -0.016410645 -0.039280161 0.002972046 0.999958277 -0.008631578 0.235702038 0.016436836 0.008581599 0.999828041 2.082708836
0.999865949 -0.003248960 -0.016042268 -0.039593853 0.003114853 0.999960124 -0.008377461 0.237882987 0.016068840 0.008326368 0.999836206 2.102170706
0.999869108 -0.003475844 -0.015792994 -0.040364813 0.003346995 0.999960959 -0.008177724 0.240058050 0.015820798 0.008123795 0.999841809 2.121835947
0.999866605 -0.004340449 -0.015738867 -0.040583570 0.004201368 0.999951959 -0.008859041 0.242522418 0.015776560 0.008791735 0.999836862 2.141769648
0.999874711 -0.005631700 -0.014785795 -0.041595493 0.005496732 0.999943018 -0.009153036 0.244782493 0.014836496 0.009070616 0.999848723 2.161313295
0.999864519 -0.007246737 -0.014770868 -0.041781254 0.007114678 0.999934375 -0.008973490 0.247143626 0.014834928 0.008867186 0.999850631 2.181969881
0.999872327 -0.006931019 -0.014387517 -0.042125180 0.006786618 0.999926388 -0.010061115 0.249695688 0.014456191 0.009962189 0.999845862 2.202594995
0.999873102 -0.007330543 -0.014140842 -0.042695377 0.007197083 0.999929309 -0.009465734 0.251788080 0.014209233 0.009362762 0.999855220 2.222411394
0.999877155 -0.007685797 -0.013658053 -0.043747410 0.007573498 0.999937296 -0.008254966 0.253951013 0.013720639 0.008150511 0.999872625 2.242327929
0.999860883 -0.009165297 -0.013935680 -0.043590017 0.009069047 0.999934673 -0.006954466 0.256154537 0.013998509 0.006827115 0.999878645 2.263035297
0.999855876 -0.010317632 -0.013483226 -0.044138685 0.010231961 0.999927044 -0.006407547 0.258742869 0.013548355 0.006268664 0.999888539 2.283770561
0.999861360 -0.010262029 -0.013112048 -0.044513822 0.010187797 0.999931753 -0.005715670 0.260876834 0.013169806 0.005581294 0.999897659 2.303613424
0.999862254 -0.010277279 -0.013028284 -0.044977106 0.010206481 0.999932826 -0.005488932 0.262935519 0.013083819 0.005355204 0.999900043 2.324371815
0.999857306 -0.010774283 -0.013010012 -0.045535758 0.010700899 0.999926448 -0.005697160 0.265504003 0.013070439 0.005557128 0.999899149 2.346129894
0.999853373 -0.011451070 -0.012733156 -0.046099581 0.011367953 0.999913752 -0.006580913 0.267891347 0.012807417 0.006435199 0.999897301 2.366786242
0.999860108 -0.011074110 -0.012535474 -0.046611469 0.010974141 0.999907672 -0.008015729 0.269989371 0.012623083 0.007877043 0.999889314 2.387907982
0.999876857 -0.009621480 -0.012396904 -0.047309730 0.009487084 0.999895930 -0.010854770 0.273203015 0.012500055 0.010735826 0.999864280 2.408709288
0.999885142 -0.008374708 -0.012635858 -0.047391240 0.008203368 0.999874413 -0.013551218 0.276002318 0.012747760 0.013446004 0.999828398 2.429608583
0.999904335 -0.006935728 -0.011967167 -0.048799224 0.006745677 0.999851465 -0.015849236 0.277958512 0.012075319 0.015766997 0.999802828 2.450739622
0.999906003 -0.004025078 -0.013104675 -0.048924666 0.003787338 0.999828637 -0.018116223 0.279702812 0.013175350 0.018064886 0.999750018 2.472825766
0.999906480 -0.002968791 -0.013348328 -0.049108647 0.002697445 0.999790251 -0.020300429 0.281980217 0.013405797 0.020262524 0.999704838 2.494117737
0.999909103 -0.003141693 -0.013113408 -0.050160803 0.002864858 0.999773741 -0.021076491 0.284668773 0.013176656 0.021037007 0.999691844 2.515556335
0.999908149 -0.002148049 -0.013382954 -0.050610375 0.001856649 0.999761760 -0.021748465 0.286963642 0.013426482 0.021721620 0.999673903 2.537504435
0.999911904 -0.001328692 -0.013204470 -0.051156245 0.001091551 0.999838293 -0.017950205 0.289092183 0.013226184 0.017934209 0.999751687 2.559032917
0.999913812 0.001999168 -0.012977227 -0.052676667 -0.002136045 0.999942064 -0.010542164 0.293914080 0.012955401 0.010568974 0.999860227 2.603009462
0.999907434 0.002483257 -0.013377793 -0.053039245 -0.002584205 0.999968231 -0.007533924 0.296268165 0.013358662 0.007567797 0.999882162 2.624866724
0.999910951 0.002557826 -0.013100652 -0.053626012 -0.002662995 0.999964237 -0.008016585 0.298774004 0.013079680 0.008050757 0.999882102 2.646497250
0.999915183 0.003396908 -0.012572465 -0.054305419 -0.003494113 0.999964118 -0.007717700 0.301252693 0.012545796 0.007760977 0.999891102 2.668755293
0.999914348 0.004707803 -0.012205483 -0.055058479 -0.004837558 0.999931931 -0.010623080 0.303944916 0.012154641 0.010681217 0.999869049 2.690893173
0.999916852 0.003659933 -0.012366727 -0.055505559 -0.003796269 0.999932110 -0.011018993 0.306194872 0.012325558 0.011065026 0.999862731 2.712655306
0.999914408 0.003659800 -0.012557606 -0.055908658 -0.003808110 0.999923050 -0.011806875 0.308683217 0.012513431 0.011853687 0.999851406 2.735033989
0.999915659 0.003993815 -0.012361374 -0.056438580 -0.004135884 0.999925435 -0.011488887 0.311457276 0.012314570 0.011539044 0.999857545 2.757237673
0.999918401 0.003721326 -0.012219123 -0.057026170 -0.003868198 0.999920309 -0.012018334 0.313839346 0.012173426 0.012064620 0.999853075 2.779139042
0.999916911 0.003997008 -0.012250009 -0.057444192 -0.004141781 0.999921620 -0.011815727 0.316084474 0.012201822 0.011865485 0.999855161 2.801965952
0.999916255 0.004141113 -0.012260296 -0.057952680 -0.004285034 0.999921918 -0.011735905 0.318592906 0.012210740 0.011787456 0.999855995 2.824465036
0.999922395 0.003607416 -0.011922740 -0.058528222 -0.003734247 0.999936521 -0.010632611 0.321162730 0.011883626 0.010676309 0.999872446 2.847316504
0.999915183 0.004561621 -0.012198548 -0.058879614 -0.004681638 0.999940693 -0.009828259 0.323386133 0.012152991 0.009884533 0.999877214 2.868981600
0.999914706 0.004619563 -0.012216736 -0.059388086 -0.004733857 0.999945164 -0.009343180 0.325918019 0.012172904 0.009400216 0.999881625 2.891356230
0.999913633 0.004913227 -0.012190015 -0.059904184 -0.005024622 0.999945700 -0.009124521 0.328295678 0.012144523 0.009184984 0.999884009 2.913457394
0.999916196 0.005027728 -0.011925343 -0.060492750 -0.005130293 0.999949992 -0.008585749 0.331012189 0.011881579 0.008646211 0.999892056 2.936864138
0.999915242 0.005101228 -0.011980616 -0.061018180 -0.005201288 0.999951780 -0.008335626 0.333639115 0.011937514 0.008397236 0.999893486 2.959686995
0.999911785 0.005725534 -0.011985630 -0.061375380 -0.005823571 0.999949694 -0.008160729 0.336096317 0.011938301 0.008229809 0.999894917 2.982579708
0.999911845 0.005923341 -0.011877808 -0.062045775 -0.006022093 0.999947429 -0.008295622 0.338582218 0.011828045 0.008366420 0.999895036 3.005027056
0.999913931 0.005664866 -0.011831343 -0.062514469 -0.005768135 0.999945343 -0.008712612 0.341286272 0.011781343 0.008780105 0.999892056 3.027602196
0.999914944 0.005680106 -0.011737334 -0.063140646 -0.005786612 0.999942183 -0.009060236 0.343999267 0.011685193 0.009127385 0.999890089 3.051210403
0.999914825 0.005170419 -0.011981310 -0.063440412 -0.005278414 0.999945581 -0.008999635 0.346403331 0.011934127 0.009062112 0.999887705 3.073862553
0.999922097 0.005029007 -0.011417658 -0.064082399 -0.005132797 0.999945581 -0.009079308 0.348920822 0.011371378 0.009137208 0.999893606 3.097004175
0.999923706 0.005876816 -0.010861284 -0.065430343 -0.005978154 0.999938667 -0.009321320 0.354248255 0.010805838 0.009385541 0.999897599 3.142814398
0.999915183 0.007429357 -0.010695647 -0.065898255 -0.007527272 0.999929845 -0.009143698 0.356934726 0.010626963 0.009223432 0.999900997 3.166833639
0.999910176 0.008172271 -0.010617117 -0.066385522 -0.008270903 0.999922752 -0.009279408 0.359475821 0.010540462 0.009366388 0.999900579 3.190156221
0.999904215 0.009146667 -0.010381202 -0.066848427 -0.009246704 0.999910772 -0.009629402 0.362134844 0.010292199 0.009724474 0.999899745 3.213396311
0.999913335 0.008738083 -0.009839831 -0.067384526 -0.008837451 0.999909937 -0.010100850 0.364700347 0.009750681 0.010186934 0.999900579 3.237100363
0.999904394 0.009637073 -0.009906719 -0.067676120 -0.009745144 0.999892890 -0.010919208 0.367287189 0.009800429 0.011014707 0.999891341 3.260375500
0.999920785 0.009076601 -0.008719697 -0.068421870 -0.009173902 0.999895394 -0.011184139 0.369807690 0.008617271 0.011263246 0.999899387 3.283700943
0.999924779 0.009039630 -0.008292655 -0.068820201 -0.009126837 0.999902785 -0.010539314 0.372455657 0.008196576 0.010614205 0.999910057 3.307779074
0.999933422 0.008258397 -0.008058790 -0.069083810 -0.008348562 0.999902189 -0.011219771 0.375149906 0.007965345 0.011286303 0.999904573 3.330840349
0.999948502 0.007786801 -0.006496025 -0.070052639 -0.007848927 0.999923170 -0.009593781 0.380511135 0.006420821 0.009644276 0.999932885 3.379319429
0.999967039 0.006334256 -0.005076007 -0.070720255 -0.006368766 0.999956548 -0.006811463 0.388498336 0.005032641 0.006843566 0.999963939 3.450843573
0.999972761 0.005935683 -0.004391804 -0.071389526 -0.005965005 0.999959826 -0.006693997 0.391118377 0.004351894 0.006720013 0.999967933 3.475036383
0.999975383 0.006174001 -0.003356348 -0.071980350 -0.006200183 0.999949992 -0.007847345 0.393839002 0.003307730 0.007867960 0.999963582 3.498753071
0.999978423 0.005828482 -0.003026653 -0.072369300 -0.005854537 0.999945283 -0.008672525 0.396364748 0.002975940 0.008690057 0.999957800 3.523057938
0.999982715 0.005131745 -0.002853193 -0.072432980 -0.005159866 0.999937356 -0.009937586 0.399133384 0.002802018 0.009952138 0.999946535 3.547285080
0.999976933 0.006262984 -0.002657315 -0.072633319 -0.006291923 0.999919415 -0.011025525 0.401989222 0.002588049 0.011041988 0.999935687 3.571057558
0.999978006 0.006218540 -0.002295139 -0.073200315 -0.006243263 0.999920785 -0.010926802 0.404532790 0.002227009 0.010940891 0.999937654 3.595626354
0.999979258 0.006106047 -0.002057370 -0.073403962 -0.006128125 0.999921799 -0.010901246 0.407265484 0.001990647 0.010913628 0.999938428 3.619611025
0.999980927 0.006056810 -0.001218761 -0.073950693 -0.006068863 0.999930084 -0.010140575 0.409951061 0.001157256 0.010147779 0.999947846 3.644283056
0.999981642 0.006015447 -0.000733069 -0.074286819 -0.006021872 0.999940336 -0.009103517 0.412730992 0.000678264 0.009107764 0.999958336 3.668919563
0.999966681 0.008057704 -0.001299774 -0.074147470 -0.008067037 0.999940455 -0.007341981 0.415333092 0.001240537 0.007352221 0.999972165 3.692896366
0.999902964 0.013877185 -0.001213630 -0.075091757 -0.013882346 0.999894142 -0.004352177 0.418422461 0.001153106 0.004368602 0.999989808 3.717911005
0.999848664 0.017306847 -0.001789162 -0.075605653 -0.017308239 0.999849916 -0.000765626 0.421536982 0.001775643 0.000796476 0.999998093 3.742437124
0.999882340 0.015302348 -0.000987179 -0.075817682 -0.015302656 0.999882877 -0.000305776 0.424318135 0.000982385 0.000320847 0.999999464 3.766774416
0.999909461 0.013404598 -0.001152601 -0.075998746 -0.013403509 0.999909759 0.000947615 0.427360594 0.001165199 -0.000932081 0.999998927 3.791111231
0.999958694 0.009014077 -0.001144645 -0.076524951 -0.009016837 0.999956369 -0.002429513 0.433049291 0.001122695 0.002439733 0.999996364 3.839285374
0.999957442 0.009213639 -0.000512458 -0.076804370 -0.009216071 0.999945164 -0.004961875 0.435871452 0.000466713 0.004966388 0.999987483 3.864925146
0.999964833 0.008386604 -0.000150320 -0.077414088 -0.008387276 0.999951124 -0.005223993 0.438546538 0.000106501 0.005225071 0.999986291 3.889584780
0.999978960 0.006369905 -0.001206696 -0.077216417 -0.006377981 0.999956489 -0.006811573 0.441444665 0.001163254 0.006819126 0.999976039 3.913526535
0.999990761 0.004047256 -0.001452945 -0.077246055 -0.004057937 0.999964118 -0.007424553 0.444153219 0.001422844 0.007430381 0.999971330 3.939119101
0.999997199 0.001732023 -0.001612871 -0.077384755 -0.001741516 0.999981046 -0.005902374 0.446681857 0.001602617 0.005905165 0.999981284 3.963228464
0.999999285 0.000147639 -0.001172317 -0.077852950 -0.000154206 0.999984324 -0.005603757 0.449471623 0.001171472 0.005603934 0.999983609 3.987871885
0.999998868 -0.000455423 -0.001436771 -0.077847213 0.000447780 0.999985754 -0.005315654 0.452566773 0.001439172 0.005315004 0.999984860 4.013422012
0.999998152 -0.001544518 -0.001195749 -0.078298405 0.001538393 0.999985814 -0.005106967 0.455130398 0.001203620 0.005105117 0.999986291 4.037768364
0.999996364 -0.002674346 -0.000298694 -0.078931928 0.002672913 0.999985397 -0.004700436 0.457838774 0.000311260 0.004699621 0.999988914 4.062962532
0.999990284 -0.004328127 -0.000857137 -0.078867592 0.004323502 0.999976397 -0.005325823 0.460968822 0.000880167 0.005322065 0.999985456 4.088017464
0.999979079 -0.006359256 -0.001212293 -0.078758456 0.006352617 0.999965191 -0.005403236 0.463982522 0.001246612 0.005395421 0.999984682 4.112481117
0.999975860 -0.006923004 -0.000529617 -0.079555392 0.006920056 0.999961555 -0.005381347 0.466610283 0.000566852 0.005377552 0.999985397 4.137721539
0.999966919 -0.008119004 -0.000443110 -0.079810672 0.008116444 0.999951959 -0.005498592 0.469241232 0.000487731 0.005494814 0.999984801 4.161991596
0.999957442 -0.009177422 -0.001015827 -0.079541340 0.009171141 0.999939740 -0.006023528 0.472362250 0.001071046 0.006013955 0.999981403 4.187592506
0.999948919 -0.010092740 -0.000513473 -0.080111839 0.010089437 0.999930620 -0.006074062 0.474899888 0.000574741 0.006068571 0.999981403 4.212062836
0.999942839 -0.010690105 0.000076353 -0.080727905 0.010690375 0.999921501 -0.006543490 0.477759272 -0.000006396 0.006543932 0.999978542 4.236687183
0.999936342 -0.011275768 -0.000213901 -0.080708444 0.011273984 0.999911606 -0.007039614 0.480595022 0.000293259 0.007036755 0.999975204 4.261579990
0.999930084 -0.011827851 -0.000259600 -0.080829076 0.011825540 0.999901235 -0.007593561 0.483696908 0.000349390 0.007589959 0.999971151 4.286661625
0.999932110 -0.011639755 0.000381423 -0.081404239 0.011642322 0.999903202 -0.007612679 0.486446977 -0.000292776 0.007616603 0.999970913 4.311317921
0.999937773 -0.011130613 0.000892730 -0.081597038 0.011136813 0.999911547 -0.007268295 0.488911420 -0.000811750 0.007277785 0.999973178 4.336324692
0.999926925 -0.011998535 0.001474716 -0.081952617 0.012010130 0.999894857 -0.008121558 0.494457990 -0.001377114 0.008138676 0.999965847 4.385593414
0.999920130 -0.012446046 0.002179810 -0.082292035 0.012463492 0.999888837 -0.008181378 0.497099966 -0.002077742 0.008207893 0.999964118 4.410822392
0.999921799 -0.012210062 0.002706742 -0.082491256 0.012231858 0.999891639 -0.008188258 0.499983847 -0.002606469 0.008220724 0.999962807 4.436271667
0.999913812 -0.012679584 0.003394967 -0.082912810 0.012705004 0.999890566 -0.007574225 0.502590120 -0.003298557 0.007616705 0.999965549 4.460624695
0.999916434 -0.012309394 0.003970739 -0.083268300 0.012337335 0.999898732 -0.007090901 0.505371571 -0.003883052 0.007139296 0.999966919 4.485718727
0.999919832 -0.012017965 0.003991958 -0.083101198 0.012043633 0.999906480 -0.006469430 0.508022785 -0.003913835 0.006516989 0.999971092 4.510589123
0.999928653 -0.011164963 0.004248329 -0.083291285 0.011192814 0.999915659 -0.006589687 0.510835230 -0.004174396 0.006636769 0.999969244 4.535631180
0.999927819 -0.011180261 0.004411288 -0.083374217 0.011207020 0.999918640 -0.006088709 0.513492465 -0.004342856 0.006137706 0.999971688 4.560132027
0.999946713 -0.009494811 0.004047467 -0.083528183 0.009520260 0.999934733 -0.006315399 0.516451538 -0.003987239 0.006353597 0.999971867 4.585602760
0.999953687 -0.008662141 0.004192377 -0.083884351 0.008688125 0.999942899 -0.006219938 0.519328296 -0.004138259 0.006256074 0.999971867 4.610410213
0.999961436 -0.007785556 0.004064226 -0.084324315 0.007808778 0.999953032 -0.005729834 0.521938324 -0.004019425 0.005761348 0.999975324 4.635375023
0.999964356 -0.007409391 0.004054058 -0.084501505 0.007433778 0.999954164 -0.006033605 0.524910748 -0.004009166 0.006063527 0.999973595 4.660459995
0.999967039 -0.007099007 0.003953141 -0.084690936 0.007122527 0.999956846 -0.005967537 0.527417302 -0.003910606 0.005995497 0.999974370 4.685187817
0.999968708 -0.006685130 0.004229073 -0.085196480 0.006710535 0.999959290 -0.006021831 0.530349433 -0.004188645 0.006050023 0.999972880 4.710060120
0.999972522 -0.006189437 0.004058666 -0.085125521 0.006216757 0.999957860 -0.006753756 0.533195257 -0.004016692 0.006778802 0.999968946 4.735111237
0.999974310 -0.005588586 0.004477444 -0.085447162 0.005618945 0.999961197 -0.006796783 0.535969734 -0.004439285 0.006821768 0.999966919 4.759728432
0.999970973 -0.006326160 0.004213171 -0.085574850 0.006351463 0.999961734 -0.006019965 0.538551867 -0.004174926 0.006046550 0.999972999 4.784590721
0.999972045 -0.006077832 0.004357584 -0.085640706 0.006102368 0.999965489 -0.005639610 0.541454434 -0.004323157 0.005666045 0.999974608 4.809406281
0.999973536 -0.005943450 0.004199526 -0.085782811 0.005964407 0.999969721 -0.004995546 0.543951809 -0.004169708 0.005020462 0.999978662 4.834240437
0.999969602 -0.006439706 0.004401107 -0.086099595 0.006458575 0.999970078 -0.004286600 0.546619117 -0.004373370 0.004314894 0.999981165 4.858482361
0.999971032 -0.006155169 0.004468617 -0.086311862 0.006173772 0.999972224 -0.004161464 0.549664199 -0.004442879 0.004188931 0.999981344 4.883744717
0.999969900 -0.006380751 0.004428129 -0.086444408 0.006395412 0.999974072 -0.003304458 0.552525818 -0.004406929 0.003332677 0.999984741 4.908556938
0.999976575 -0.005289882 0.004338971 -0.086656868 0.005301306 0.999982417 -0.002625859 0.555524349 -0.004325005 0.002648799 0.999987125 4.933019638
0.999973655 -0.005712024 0.004463853 -0.087111764 0.005719418 0.999982297 -0.001645363 0.557958603 -0.004454375 0.001670851 0.999988616 4.957739353
0.999978960 -0.004992955 0.004135495 -0.087251574 0.005000107 0.999985993 -0.001720783 0.560483456 -0.004126845 0.001741425 0.999989986 4.981640816
0.999975204 -0.005318731 0.004614193 -0.087754510 0.005326996 0.999984264 -0.001780710 0.563111067 -0.004604649 0.001805246 0.999987781 5.006139755
0.999976933 -0.005541354 0.003912003 -0.087528393 0.005549042 0.999982715 -0.001956889 0.566141725 -0.003901091 0.001978552 0.999990404 5.030874252
0.999980628 -0.004832128 0.003922858 -0.087748215 0.004839026 0.999986827 -0.001750817 0.568920195 -0.003914346 0.001769766 0.999990761 5.055390835
0.999981284 -0.004751883 0.003847962 -0.088074721 0.004756087 0.999988198 -0.001084156 0.571806133 -0.003842763 0.001102437 0.999992013 5.079486370
0.999981105 -0.004849403 0.003791331 -0.088041164 0.004853097 0.999987841 -0.000965750 0.574396014 -0.003786600 0.000984132 0.999992311 5.103713989
0.999982834 -0.004701517 0.003535010 -0.088318080 0.004706639 0.999987900 -0.001442014 0.577569723 -0.003528188 0.001458627 0.999992728 5.129223824
0.999984026 -0.004655425 0.003228305 -0.088385262 0.004660854 0.999987781 -0.001676138 0.580627620 -0.003220463 0.001691158 0.999993443 5.153497696
0.999981523 -0.005032290 0.003427273 -0.088960558 0.005037039 0.999986410 -0.001378166 0.583518207 -0.003420291 0.001395404 0.999993205 5.178028584
0.999977648 -0.005617830 0.003632672 -0.089292333 0.005622421 0.999983430 -0.001254766 0.586167693 -0.003625564 0.001275163 0.999992549 5.202236176
0.999982119 -0.005008985 0.003273689 -0.089471914 0.005010128 0.999987423 -0.000341127 0.588680565 -0.003271939 0.000357522 0.999994516 5.226363182
0.999981701 -0.005438718 0.002628864 -0.089518934 0.005440653 0.999984920 -0.000729617 0.591939092 -0.002624856 0.000743906 0.999996245 5.250310421
0.999984324 -0.005090155 0.002362489 -0.089640096 0.005090970 0.999986947 -0.000339080 0.594210982 -0.002360732 0.000351102 0.999997199 5.273671150
0.999985158 -0.004796065 0.002595328 -0.090159848 0.004798249 0.999988139 -0.000835913 0.596936107 -0.002591288 0.000848353 0.999996245 5.298269749
0.999985158 -0.004992402 0.002181871 -0.090287372 0.004993448 0.999987364 -0.000473898 0.599462628 -0.002179477 0.000484786 0.999997556 5.322165012
0.999983370 -0.005486819 0.001779000 -0.090498284 0.005487879 0.999984741 -0.000591919 0.602155566 -0.001775725 0.000601672 0.999998271 5.345246315
0.999983251 -0.005514948 0.001724806 -0.090797178 0.005516411 0.999984384 -0.000844532 0.605223656 -0.001720122 0.000854033 0.999998152 5.370203018
0.999983072 -0.005622170 0.001479040 -0.091218799 0.005622283 0.999984205 -0.000071401 0.607807279 -0.001478615 0.000079716 0.999998927 5.393715382
0.999982059 -0.005835296 0.001310206 -0.091625452 0.005835518 0.999982953 -0.000165496 0.610723972 -0.001309218 0.000173139 0.999999166 5.417411327
0.999975085 -0.006960588 0.001160740 -0.092150651 0.006961340 0.999975562 -0.000645397 0.613479197 -0.001156219 0.000653461 0.999999106 5.440493584
0.999973774 -0.007175536 -0.000947205 -0.091994189 0.007173304 0.999971449 -0.002339141 0.622603655 0.000963961 0.002332286 0.999996841 5.534932137
0.999959767 -0.008373849 -0.003230822 -0.089996539 0.008359482 0.999955118 -0.004435227 0.625403762 0.003267817 0.004408041 0.999984920 5.562521458
0.999946475 -0.009984978 -0.002697437 -0.091843121 0.009966249 0.999926686 -0.006869427 0.630418241 0.002765830 0.006842176 0.999972820 5.585733414
0.999964833 -0.007974670 -0.002584922 -0.092817597 0.007962290 0.999956965 -0.004764162 0.630554438 0.002622803 0.004743413 0.999985337 5.605031490
0.999980330 -0.006190164 -0.001003549 -0.094571620 0.006185006 0.999967992 -0.005063199 0.634868681 0.001034858 0.005056893 0.999986708 5.631505966
0.999971211 -0.007567195 -0.000579289 -0.096148804 0.007563218 0.999949753 -0.006582567 0.639457464 0.000629071 0.006577996 0.999978244 5.658005714
0.999962032 -0.008213573 -0.002912275 -0.094280295 0.008206402 0.999963224 -0.002465430 0.638927042 0.002932418 0.002441437 0.999992728 5.676286697
0.999962151 -0.008265663 -0.002733381 -0.095128410 0.008259455 0.999963343 -0.002275038 0.641668379 0.002752085 0.002252376 0.999993682 5.699999332
0.999964535 -0.007531421 -0.003747542 -0.095544964 0.007525497 0.999970436 -0.001592749 0.646490276 0.003759426 0.001564490 0.999991715 5.746047020
0.999968708 -0.006885120 -0.003885455 -0.095996939 0.006874555 0.999972761 -0.002726068 0.649322689 0.003904119 0.002699273 0.999988735 5.768791676
0.999967456 -0.007092780 -0.003833462 -0.096995682 0.007081027 0.999970317 -0.003070645 0.651882350 0.003855126 0.003043400 0.999987960 5.791072369
0.999956965 -0.007786093 -0.005031083 -0.096634865 0.007772818 0.999966264 -0.002652520 0.654563725 0.005051566 0.002613300 0.999983847 5.815817356
0.999953806 -0.007920163 -0.005450530 -0.096921578 0.007906215 0.999965429 -0.002575366 0.657119274 0.005470739 0.002532154 0.999981821 5.838542938
0.999954879 -0.007413433 -0.005937051 -0.097124293 0.007387088 0.999962747 -0.004447046 0.659989595 0.005969798 0.004402988 0.999972582 5.861588955
0.999944329 -0.008521901 -0.006212274 -0.097765669 0.008494172 0.999953866 -0.004476452 0.662485778 0.006250135 0.004423434 0.999970734 5.884529591
0.999959528 -0.006628337 -0.006075344 -0.098933607 0.006599008 0.999966562 -0.004834707 0.667093515 0.006107188 0.004794421 0.999969780 5.930371284
0.999953687 -0.007029654 -0.006571251 -0.099208593 0.006999357 0.999964893 -0.004622223 0.669728935 0.006603513 0.004576014 0.999967694 5.953620911
0.999954879 -0.006621643 -0.006813001 -0.099713989 0.006593506 0.999969602 -0.004144353 0.672286391 0.006840237 0.004099244 0.999968231 5.975751400
0.999951541 -0.006961337 -0.006977252 -0.100196004 0.006937109 0.999969780 -0.003490732 0.674669325 0.007001343 0.003442160 0.999969661 5.998398781
0.999951959 -0.006187900 -0.007609170 -0.100675985 0.006164136 0.999975979 -0.003142523 0.677385747 0.007628432 0.003095468 0.999966204 6.020782948
0.999952257 -0.005861809 -0.007819077 -0.101076238 0.005833091 0.999976158 -0.003690548 0.680119216 0.007840523 0.003644763 0.999962628 6.043145657
0.999949992 -0.006190772 -0.007865700 -0.101780504 0.006163086 0.999974728 -0.003539274 0.682293713 0.007887413 0.003490620 0.999962807 6.065487862
0.999940634 -0.006553975 -0.008700154 -0.102489650 0.006512166 0.999967098 -0.004825220 0.687277555 0.008731492 0.004768276 0.999950528 6.110096455
0.999944329 -0.005462099 -0.009023157 -0.103648193 0.005412935 0.999970436 -0.005464107 0.692205250 0.009052736 0.005414961 0.999944389 6.154364586
0.999943733 -0.005391449 -0.009126032 -0.104304135 0.005342481 0.999971271 -0.005381678 0.694870412 0.009154783 0.005332620 0.999943912 6.176168442
0.999925435 -0.007409001 -0.009706599 -0.104940817 0.007392399 0.999971092 -0.001744904 0.699397385 0.009719247 0.001673019 0.999951363 6.219767094
0.999924302 -0.007214567 -0.009965814 -0.105438568 0.007213486 0.999973893 -0.000144349 0.701984882 0.009966594 0.000072449 0.999950349 6.241536617
