1.000000000 0.000000000 0.000000000 -0.000000119 0.000000000 1.000000000 -0.000000000 -0.000000000 0.000000000 -0.000000000 0.999999940 0.000000007
0.999999702 0.000356616 0.000680539 -0.009961843 -0.000357402 0.999999285 0.001155595 0.056275737 -0.000680126 -0.001155838 0.999999046 0.526425838
0.999998808 0.000635722 0.001386933 -0.025027508 -0.000639414 0.999996245 0.002663106 0.113203391 -0.001385235 -0.002663990 0.999995410 1.053760648
0.999998987 -0.001150558 -0.000877727 0.012375989 0.001151632 0.999998629 0.001223927 0.211424872 0.000876317 -0.001224936 0.999998808 1.715167642
0.999998927 -0.001131643 -0.000905522 0.011393329 0.001133162 0.999997973 0.001678814 0.278215319 0.000903620 -0.001679839 0.999998152 2.264784813
0.999998629 -0.001541619 -0.000566182 0.003361515 0.001543043 0.999995589 0.002523171 0.336216062 0.000562289 -0.002524041 0.999996603 2.794010878
0.999998271 -0.001782862 -0.000539165 0.001478929 0.001784246 0.999995112 0.002578264 0.408072382 0.000534565 -0.002579222 0.999996543 3.366230965
0.999998331 -0.001763293 -0.000643028 -0.003389511 0.001765676 0.999991596 0.003724305 0.467951179 0.000636455 -0.003725434 0.999992788 3.887271404
0.999998569 -0.001521945 -0.000815051 -0.008563973 0.001525352 0.999990046 0.004195878 0.538261533 0.000808655 -0.004197115 0.999990821 4.446571350
0.999998152 -0.001585742 -0.001136979 -0.008960685 0.001590911 0.999988317 0.004560320 0.596239328 0.001129732 -0.004562118 0.999988914 4.954013824
0.999999166 -0.000087124 -0.001297227 -0.022614028 0.000092775 0.999990523 0.004356960 0.664450347 0.001296835 -0.004357076 0.999989629 5.515938759
0.999998987 -0.000166663 -0.001401465 -0.025711719 0.000172769 0.999990523 0.004357976 0.724243104 0.001400725 -0.004358214 0.999989510 6.022543907
0.999998271 0.000558413 -0.001776146 -0.040001288 -0.000552412 0.999994159 0.003377590 0.788520336 0.001778021 -0.003376602 0.999992669 6.567792892
0.999995887 0.001925173 -0.002151459 -0.046023533 -0.001919849 0.999995053 0.002473761 0.851174235 0.002156210 -0.002469621 0.999994516 7.079216003
0.999991894 0.003137507 -0.002523598 -0.055946559 -0.003132990 0.999993503 0.001791810 0.916196167 0.002529205 -0.001783890 0.999995172 7.610301018
0.999988258 0.003836332 -0.002953193 -0.058880635 -0.003831025 0.999991000 0.001800495 0.973010838 0.002960076 -0.001789160 0.999993980 8.103209496
0.999984324 0.004619177 -0.003168304 -0.072050676 -0.004615353 0.999988616 0.001213596 1.031724930 0.003173876 -0.001198954 0.999994159 8.634525299
0.999984503 0.004441023 -0.003374421 -0.076252356 -0.004437665 0.999989629 0.001002494 1.089042425 0.003378839 -0.000987503 0.999993742 9.125596046
0.999984980 0.004267089 -0.003442525 -0.086484239 -0.004263917 0.999990463 0.000928342 1.153736234 0.003446454 -0.000913650 0.999993622 9.644396782
0.999987483 0.003699068 -0.003387724 -0.093293399 -0.003693443 0.999991834 0.001664946 1.208570838 0.003393856 -0.001652413 0.999992907 10.122339249
0.999988079 0.003372805 -0.003548115 -0.097601846 -0.003365090 0.999991894 0.002177628 1.266910315 0.003555431 -0.002165663 0.999991298 10.642153740
0.999989331 0.003036148 -0.003494691 -0.110196531 -0.003026292 0.999991417 0.002822308 1.320620418 0.003503229 -0.002811702 0.999989927 11.104018211
0.999989808 0.002641207 -0.003667306 -0.111007944 -0.002627787 0.999989867 0.003659312 1.378815532 0.003676934 -0.003649639 0.999986529 11.610115051
0.999990880 0.002153582 -0.003695668 -0.117087975 -0.002138775 0.999989688 0.004006116 1.433823466 0.003704258 -0.003998175 0.999985158 12.069974899
0.999992549 0.000810547 -0.003779760 -0.122980535 -0.000794499 0.999990582 0.004245160 1.488001704 0.003783165 -0.004242126 0.999983788 12.562500000
0.999992371 0.001026605 -0.003765014 -0.134415522 -0.001012209 0.999992073 0.003823507 1.543626904 0.003768909 -0.003819667 0.999985516 13.011593819
0.999990404 0.000506324 -0.004352286 -0.132539079 -0.000487421 0.999990463 0.004342792 1.599653482 0.004354444 -0.004340629 0.999981105 13.498965263
0.999990523 -0.000569812 -0.004324659 -0.141029000 0.000592214 0.999986410 0.005180522 1.647380233 0.004321649 -0.005183034 0.999977291 13.946642876
0.999990225 -0.000900467 -0.004324793 -0.146393239 0.000922502 0.999986589 0.005095732 1.701748490 0.004320148 -0.005099672 0.999977648 14.385198593
0.999985814 -0.002506129 -0.004712122 -0.145416766 0.002526796 0.999987185 0.004385242 1.758205891 0.004701070 -0.004397086 0.999979258 14.866785049
0.999983013 -0.003343639 -0.004787156 -0.146530375 0.003359758 0.999988675 0.003363068 1.804028273 0.004775855 -0.003379094 0.999982893 15.285284996
0.999986470 -0.001591996 -0.004961624 -0.161484718 0.001609625 0.999992371 0.003551100 1.854949951 0.004955931 -0.003559037 0.999981403 15.716922760
0.999986231 -0.001630018 -0.004986147 -0.169065118 0.001645180 0.999994040 0.003038333 1.908206463 0.004981167 -0.003046495 0.999982893 16.174798965
0.999986649 -0.002265889 -0.004639396 -0.169798538 0.002281819 0.999991536 0.003431330 1.956290722 0.004631583 -0.003441872 0.999983370 16.581630707
0.999988139 -0.001835027 -0.004516121 -0.179948524 0.001854086 0.999989390 0.004219777 2.004952669 0.004508331 -0.004228100 0.999980807 17.010484695
0.999984622 -0.001987251 -0.005173664 -0.181821823 0.002012611 0.999985933 0.004901157 2.059902906 0.005163849 -0.004911494 0.999974608 17.449619293
0.999982297 -0.002099529 -0.005550972 -0.182946593 0.002130758 0.999981880 0.005626065 2.106252432 0.005539057 -0.005637794 0.999968767 17.848535538
0.999986470 -0.000951198 -0.005090570 -0.195658088 0.000979991 0.999983549 0.005656654 2.154050827 0.005085103 -0.005661568 0.999971092 18.251329422
0.999986172 -0.000284515 -0.005243857 -0.204387769 0.000307599 0.999990225 0.004401763 2.202297688 0.005242554 -0.004403317 0.999976516 18.683696747
0.999986231 -0.000023081 -0.005248917 -0.209709480 0.000042473 0.999993086 0.003694387 2.246879339 0.005248796 -0.003694559 0.999979377 19.070953369
0.999982834 -0.001138253 -0.005762639 -0.215594590 0.001159276 0.999992728 0.003645964 2.294064283 0.005758449 -0.003652582 0.999976754 19.470541000
0.999984086 -0.000870024 -0.005595346 -0.225073829 0.000890351 0.999993026 0.003631425 2.337497711 0.005592149 -0.003636349 0.999977767 19.850887299
0.999986529 -0.000966292 -0.005110495 -0.236998662 0.000984232 0.999993384 0.003508760 2.382366896 0.005107072 -0.003513744 0.999980748 20.235855103
0.999984801 -0.000649285 -0.005474348 -0.234883606 0.000667721 0.999994099 0.003366693 2.429134846 0.005472129 -0.003370296 0.999979258 20.631044388
0.999985456 0.000907784 -0.005327133 -0.244107991 -0.000891277 0.999994695 0.003100226 2.472312689 0.005329919 -0.003095432 0.999980986 21.000843048
0.999985039 0.001168805 -0.005340389 -0.250799000 -0.001155747 0.999996305 0.002447466 2.515160322 0.005343231 -0.002441257 0.999982655 21.384206772
0.999984145 0.001504546 -0.005418741 -0.258985728 -0.001494783 0.999997199 0.001805253 2.554245710 0.005421442 -0.001797125 0.999983609 21.751659393
0.999983013 0.001443499 -0.005650056 -0.260850072 -0.001438582 0.999998569 0.000874112 2.601220131 0.005651309 -0.000865969 0.999983668 22.126285553
0.999984443 0.000937702 -0.005489009 -0.265606225 -0.000935271 0.999999464 0.000445482 2.647376776 0.005489423 -0.000440341 0.999984860 22.490842819
0.999985099 0.001080526 -0.005364690 -0.278258741 -0.001077780 0.999999285 0.000514692 2.690050125 0.005365243 -0.000508902 0.999985516 22.847185135
0.999981165 0.002443857 -0.005633627 -0.283243001 -0.002444973 0.999996960 -0.000191365 2.730224848 0.005633142 0.000205135 0.999984086 23.218732834
0.999979615 0.003972177 -0.004993998 -0.291900963 -0.003971399 0.999992013 0.000165808 2.772904158 0.004994617 -0.000145972 0.999987483 23.578895569
0.999972641 0.005216536 -0.005249562 -0.300628155 -0.005212989 0.999986112 0.000688915 2.812190533 0.005253083 -0.000661530 0.999985933 23.935663223
0.999982953 0.003248706 -0.004852054 -0.304156363 -0.003251720 0.999994516 -0.000613219 2.854749203 0.004850036 0.000628986 0.999987960 24.304731369
0.999982297 0.003050158 -0.005115654 -0.308795303 -0.003056598 0.999994576 -0.001251295 2.895388126 0.005111809 0.001266909 0.999986112 24.648033142
0.999981284 0.002648538 -0.005517827 -0.313270330 -0.002654776 0.999995887 -0.001123434 2.938741922 0.005514828 0.001138062 0.999984145 25.015213013
0.999983311 0.002562261 -0.005184702 -0.315269381 -0.002571929 0.999995053 -0.001858917 2.978514910 0.005179913 0.001872221 0.999984860 25.351434708
0.999982536 0.002955979 -0.005115195 -0.318171501 -0.002971158 0.999991238 -0.002962430 3.020895004 0.005106392 0.002977577 0.999982536 25.709064484
0.999983132 0.003393583 -0.004713569 -0.326430678 -0.003413146 0.999985695 -0.004148434 3.056360722 0.004699423 0.004164452 0.999980271 26.075841904
0.999982655 0.003771754 -0.004510208 -0.330287397 -0.003784249 0.999989033 -0.002765099 3.095797777 0.004499729 0.002782119 0.999985993 26.412942886
0.999986053 0.002983121 -0.004357073 -0.339482695 -0.002991759 0.999993563 -0.001977595 3.137546301 0.004351146 0.001990603 0.999988496 26.761503220
0.999985576 0.001739322 -0.005092179 -0.339502215 -0.001749699 0.999996424 -0.002034086 3.214713335 0.005088625 0.002042967 0.999984920 27.479156494
0.999988496 0.001882857 -0.004439849 -0.346852839 -0.001893604 0.999995410 -0.002417718 3.257853031 0.004435278 0.002426098 0.999987245 27.813823700
0.999991775 0.001671930 -0.003701205 -0.356433541 -0.001678110 0.999997258 -0.001667287 3.297019005 0.003698409 0.001673484 0.999991715 28.155128479
0.999989927 0.001813031 -0.004093966 -0.357103288 -0.001819438 0.999997258 -0.001561654 3.337836742 0.004091122 0.001569088 0.999990404 28.514921188
0.999990106 0.001044620 -0.004322620 -0.359420866 -0.001053355 0.999997377 -0.002018962 3.379067898 0.004320499 0.002023495 0.999988616 28.852111816
0.999992073 0.000030773 -0.003976874 -0.363190025 -0.000038235 0.999998212 -0.001876417 3.418751001 0.003976809 0.001876554 0.999990284 29.189931870
0.999990523 -0.000545203 -0.004330925 -0.364178270 0.000538740 0.999998689 -0.001493419 3.460222483 0.004331734 0.001491071 0.999989510 29.551216125
0.999990046 -0.001095821 -0.004328563 -0.367706060 0.001091314 0.999998808 -0.001043360 3.495267391 0.004329702 0.001038625 0.999990046 29.876453400
0.999991298 -0.001606005 -0.003849099 -0.374088347 0.001601515 0.999998093 -0.001169323 3.540180445 0.003850969 0.001163149 0.999991953 30.219264984
0.999990106 -0.001655916 -0.004132875 -0.372180760 0.001650152 0.999997616 -0.001397530 3.579465628 0.004135180 0.001390697 0.999990463 30.567964554
0.999990225 -0.001673865 -0.004083253 -0.375172973 0.001669564 0.999998033 -0.001056319 3.619198084 0.004085015 0.001049492 0.999991059 30.887180328
0.999989867 -0.002304029 -0.003883938 -0.381593287 0.002300868 0.999997020 -0.000818022 3.659452677 0.003885812 0.000809077 0.999992073 31.248477936
0.999990582 -0.002231488 -0.003730277 -0.385544002 0.002227203 0.999996841 -0.001152640 3.700761080 0.003732837 0.001144321 0.999992311 31.580755234
0.999989688 -0.001798066 -0.004184779 -0.388727099 0.001791771 0.999997199 -0.001507369 3.743456602 0.004187478 0.001499855 0.999990046 31.925756454
0.999989927 -0.001760614 -0.004120240 -0.397271782 0.001753176 0.999996722 -0.001808089 3.781296968 0.004123409 0.001800847 0.999989867 32.251548767
0.999988914 -0.001793194 -0.004368544 -0.407712758 0.001782682 0.999995470 -0.002409246 3.856234312 0.004372844 0.002401431 0.999987543 32.931514740
0.999987900 -0.002069923 -0.004438835 -0.415768921 0.002057154 0.999993801 -0.002879058 3.900857210 0.004444767 0.002869892 0.999985993 33.279621124
0.999988139 -0.001070074 -0.004739006 -0.432329476 0.001050438 0.999990940 -0.004144092 3.982866526 0.004743397 0.004139064 0.999980211 33.932342529
0.999987900 -0.001562836 -0.004660732 -0.441818535 0.001542061 0.999988973 -0.004457627 4.019179821 0.004667648 0.004450385 0.999979198 34.287055969
0.999985933 -0.000977450 -0.005220406 -0.445192665 0.000949042 0.999984801 -0.005441700 4.061722755 0.005225644 0.005436669 0.999971569 34.629512787
0.999984801 -0.001075661 -0.005408188 -0.449737966 0.001044824 0.999983191 -0.005701622 4.098753452 0.005414231 0.005695884 0.999969065 34.964511871
0.999983668 -0.000732788 -0.005685463 -0.454305291 0.000698207 0.999981284 -0.006081913 4.139532089 0.005689813 0.006077843 0.999965310 35.296119690
0.999982119 -0.000330442 -0.005967238 -0.462650537 0.000292906 0.999980211 -0.006290030 4.178009033 0.005969198 0.006288170 0.999962330 35.619312286
0.999978125 0.000487422 -0.006598157 -0.468391657 -0.000529193 0.999979854 -0.006330397 4.213392258 0.006594938 0.006333750 0.999958217 35.947875977
0.999976575 0.002299539 -0.006453128 -0.562252760 -0.002341025 0.999976695 -0.006428558 4.289774895 0.006438195 0.006443515 0.999958456 36.667816162
0.999965131 0.002388420 -0.007998239 -0.511665702 -0.002441954 0.999974549 -0.006690363 4.368649483 0.007982058 0.006709660 0.999945521 37.325050354
0.999959171 0.002057322 -0.008792582 -0.514477313 -0.002118670 0.999973416 -0.006973438 4.421101570 0.008778001 0.006991781 0.999936998 37.751884460
0.999952674 0.000738237 -0.009701289 -0.520117104 -0.000806752 0.999974787 -0.007060552 4.464980602 0.009695832 0.007068044 0.999928057 38.093162537
0.999944985 0.000088025 -0.010483998 -0.528107107 -0.000155563 0.999979258 -0.006441361 4.498275280 0.010483215 0.006442637 0.999924302 38.400005341
0.999937534 -0.000430617 -0.011173063 -0.541435182 0.000362798 0.999981523 -0.006071112 4.549639702 0.011175470 0.006066678 0.999919116 38.809322357
0.999927223 -0.001206952 -0.012005051 -0.549018800 0.001140877 0.999984145 -0.005509251 4.591528893 0.012011509 0.005495154 0.999912739 39.159881592
0.999918044 -0.001711225 -0.012691312 -0.559825122 0.001654346 0.999988556 -0.004490901 4.629615307 0.012698851 0.004469537 0.999909341 39.501453400
0.999906123 -0.001354253 -0.013637839 -0.571868002 0.001308099 0.999993384 -0.003392548 4.665822029 0.013642342 0.003374389 0.999901235 39.830715179
0.999895215 -0.000629726 -0.014461688 -0.592775643 0.000586956 0.999995470 -0.002961470 4.717441559 0.014463482 0.002952672 0.999890983 40.254108429
0.999883890 -0.000436310 -0.015233824 -0.607264459 0.000391745 0.999995708 -0.002928212 4.760575771 0.015235033 0.002921904 0.999879599 40.618000031
0.999868989 -0.000770421 -0.016169565 -0.622064948 0.000721233 0.999995172 -0.003047623 4.803747654 0.016171832 0.003035562 0.999864519 40.997844696
0.999846339 -0.001826225 -0.017431980 -0.629431069 0.001764906 0.999992192 -0.003532289 4.852226734 0.017438291 0.003500980 0.999841809 41.376708984
0.999827862 -0.003066682 -0.018298114 -0.637003064 0.002987975 0.999986172 -0.004327164 4.898259640 0.018311132 0.004271745 0.999823213 41.746166229
0.999814630 -0.003189117 -0.018983679 -0.659398556 0.003086996 0.999980628 -0.005406285 4.943958759 0.019000551 0.005346681 0.999805152 42.125541687
0.999805927 -0.003037312 -0.019462772 -0.670646191 0.002914184 0.999975622 -0.006351573 4.986072540 0.019481584 0.006293622 0.999790370 42.507377625
0.999795854 -0.003467007 -0.019901400 -0.683963001 0.003324427 0.999968708 -0.007192904 5.023176193 0.019925708 0.007125275 0.999776065 42.860759735
0.999788880 -0.003659582 -0.020216826 -0.696558297 0.003499105 0.999962151 -0.007967493 5.066845417 0.020245217 0.007895069 0.999763787 43.246147156
0.999781668 -0.004006541 -0.020509049 -0.708739758 0.003834711 0.999957323 -0.008410702 5.111063480 0.020541867 0.008330218 0.999754250 43.608871460
0.999769688 -0.004242637 -0.021033715 -0.756185710 0.004029778 0.999940395 -0.010151947 5.250303745 0.021075530 0.010064848 0.999727190 44.816104889
0.999766409 -0.004470450 -0.021146176 -0.764328003 0.004245939 0.999934316 -0.010650109 5.291287899 0.021192394 0.010557835 0.999719620 45.202285767
0.999762297 -0.005246896 -0.021160703 -0.776636362 0.005025455 0.999932230 -0.010504411 5.333526134 0.021214385 0.010395571 0.999720871 45.572315216
0.999776542 -0.005451419 -0.020421114 -0.797637522 0.005253730 0.999939024 -0.009721807 5.381868362 0.020472864 0.009612348 0.999744236 45.976276398
0.999774337 -0.005777195 -0.020441335 -0.814128697 0.005593285 0.999943435 -0.009042775 5.432943344 0.020492423 0.008926402 0.999750018 46.393753052
0.999776363 -0.005741242 -0.020352744 -0.825884819 0.005565382 0.999946773 -0.008686767 5.474341393 0.020401532 0.008571554 0.999754965 46.775299072
0.999789238 -0.005018540 -0.019904282 -0.842310429 0.004842181 0.999948621 -0.008898680 5.520100594 0.019947920 0.008800426 0.999762177 47.175331116
0.999807954 -0.003212875 -0.019330118 -0.867088020 0.003032601 0.999951720 -0.009348146 5.562059879 0.019359222 0.009287732 0.999769330 47.538795471
0.999802470 -0.001760692 -0.019796688 -0.868815482 0.001558500 0.999946654 -0.010224199 5.612162590 0.019813631 0.010191326 0.999751687 47.989162445
0.999807179 -0.001363071 -0.019588836 -0.884002745 0.001155360 0.999943078 -0.010610897 5.652443409 0.019602183 0.010586216 0.999751747 48.364204407
0.999816656 -0.001677134 -0.019072151 -0.898910880 0.001468248 0.999938905 -0.010961118 5.693484306 0.019089369 0.010931104 0.999757946 48.754772186
0.999820530 -0.002907826 -0.018717617 -0.909389853 0.002701883 0.999935627 -0.011018492 5.752172470 0.018748457 0.010965942 0.999763966 49.202758789
0.999826372 -0.003679958 -0.018266575 -0.918515801 0.003493950 0.999941766 -0.010204467 5.794345856 0.018303065 0.010138872 0.999781013 49.602210999
0.999839306 -0.004090856 -0.017452056 -0.932697833 0.003931222 0.999950230 -0.009171507 5.833921909 0.017488707 0.009101425 0.999805510 50.010913849
0.999846399 -0.004106652 -0.017040625 -0.944441199 0.003967624 0.999958575 -0.008184473 5.887986660 0.017073531 0.008115605 0.999821246 50.428199768
0.999861777 -0.001966927 -0.016511511 -0.959222555 0.001849529 0.999972820 -0.007122428 5.933369160 0.016525071 0.007090904 0.999838293 50.821437836
0.999858320 -0.001084242 -0.016797870 -0.971342504 0.000980547 0.999980390 -0.006180138 5.983861923 0.016804241 0.006162792 0.999839783 51.241504669
0.999866486 -0.000663881 -0.016327718 -0.983236849 0.000566445 0.999981940 -0.005971466 6.032944679 0.016331388 0.005961420 0.999848843 51.671535492
0.999859810 -0.001658256 -0.016659182 -0.989802599 0.001556434 0.999980032 -0.006123141 6.084622383 0.016669000 0.006096355 0.999842405 52.082973480
0.999859452 -0.003225644 -0.016448297 -0.995849907 0.003116103 0.999972880 -0.006680979 6.133834362 0.016469399 0.006628786 0.999842346 52.500194550
0.999859691 -0.004636534 -0.016095059 -1.005201221 0.004524490 0.999965310 -0.006990840 6.184834957 0.016126910 0.006917037 0.999845982 52.941410065
0.999862373 -0.004707103 -0.015910069 -1.007752895 0.004593256 0.999963701 -0.007184645 6.244941711 0.015943306 0.007110578 0.999847531 53.332836151
0.999872983 -0.005319685 -0.015023849 -1.032777905 0.005208844 0.999958992 -0.007407151 6.280766010 0.015062639 0.007327953 0.999859631 53.750423431
0.999872327 -0.006124686 -0.014762331 -1.039229989 0.006020422 0.999956667 -0.007096988 6.331701279 0.014805161 0.007007205 0.999865770 54.158767700
0.999869585 -0.005901575 -0.015037348 -1.045972586 0.005808124 0.999963641 -0.006250729 6.384191036 0.015073693 0.006162574 0.999867320 54.601203918
0.999864757 -0.006636661 -0.015051155 -1.050703406 0.006557925 0.999964595 -0.005274530 6.439376831 0.015085630 0.005175112 0.999872804 55.019729614
0.999873221 -0.007551747 -0.014020781 -1.076569557 0.007487821 0.999961436 -0.004606251 6.487084389 0.014055025 0.004500682 0.999891102 55.479595184
0.999873042 -0.007957169 -0.013809637 -1.081979990 0.007901285 0.999960363 -0.004096557 6.538453102 0.013841688 0.003986923 0.999896228 55.918148041
0.999880552 -0.007597073 -0.013461855 -1.098929405 0.007542704 0.999963164 -0.004084959 6.586760998 0.013492395 0.003982931 0.999901116 56.347057343
0.999878705 -0.008123110 -0.013279174 -1.109000802 0.008064725 0.999957561 -0.004444371 6.641366005 0.013314713 0.004336739 0.999901891 56.781890869
0.999880791 -0.008223969 -0.013055936 -1.120744109 0.008157473 0.999953568 -0.005138296 6.690849304 0.013097585 0.005031181 0.999901533 57.221240997
0.999887466 -0.008199214 -0.012556397 -1.131422162 0.008116092 0.999944925 -0.006656670 6.738809109 0.012610286 0.006554012 0.999898970 57.671081543
0.999896705 -0.007046049 -0.012524914 -1.148200393 0.006933460 0.999935329 -0.009010046 6.792623043 0.012587586 0.008922272 0.999880970 58.091400146
0.999902785 -0.005492573 -0.012810833 -1.156089664 0.005349521 0.999923289 -0.011174154 6.840130806 0.012871221 0.011104533 0.999855518 58.537887573
0.999911070 -0.004370091 -0.012598613 -1.170048833 0.004196586 0.999896407 -0.013765546 6.888950825 0.012657462 0.013711451 0.999825895 58.989135742
0.999913156 -0.001823644 -0.013055933 -1.185323715 0.001605014 0.999858677 -0.016736666 6.939498425 0.013084609 0.016714256 0.999774694 59.429039001
0.999914348 -0.000938307 -0.013059304 -1.194377422 0.000692604 0.999822915 -0.018806241 6.985795021 0.013074636 0.018795583 0.999737859 59.866226196
0.999909163 -0.001054099 -0.013448052 -1.200706363 0.000794135 0.999813020 -0.019321734 7.038071632 0.013465904 0.019309297 0.999722838 60.324325562
0.999907434 -0.000049713 -0.013613590 -1.213324189 -0.000223615 0.999798417 -0.020075316 7.089138985 0.013611844 0.020076498 0.999705791 60.790725708
0.999909043 0.000605048 -0.013470650 -1.224713683 -0.000828472 0.999862134 -0.016586691 7.134576321 0.013458757 0.016596345 0.999771595 61.227752686
0.999896824 0.004156385 -0.013750779 -1.239315271 -0.004281899 0.999949336 -0.009110926 7.237169266 0.013712212 0.009168865 0.999863863 62.144783020
0.999893665 0.004963698 -0.013707173 -1.257974982 -0.005046777 0.999969125 -0.006032991 7.288217068 0.013676802 0.006101530 0.999887824 62.601715088
0.999895692 0.005027592 -0.013540498 -1.265541911 -0.005111880 0.999967694 -0.006197345 7.333487511 0.013508900 0.006265915 0.999889076 63.050144196
0.999896407 0.005258804 -0.013397485 -1.270678639 -0.005339368 0.999967754 -0.005984711 7.387460709 0.013365576 0.006055624 0.999892354 63.509815216
0.999887466 0.006976643 -0.013284812 -1.285468578 -0.007093395 0.999936521 -0.008761527 7.441637516 0.013222838 0.008854774 0.999873340 63.976604462
0.999893367 0.006065755 -0.013286297 -1.299213409 -0.006190985 0.999936640 -0.009404611 7.490987301 0.013228408 0.009485862 0.999867439 64.429687500
0.999895394 0.005798161 -0.013255962 -1.310936928 -0.005934270 0.999929905 -0.010251543 7.546974182 0.013195592 0.010329137 0.999859512 64.889251709
0.999895096 0.006129218 -0.013125866 -1.323425651 -0.006259556 0.999931335 -0.009911870 7.604818344 0.013064211 0.009992990 0.999864697 65.361503601
0.999896228 0.006057168 -0.013073102 -1.331904888 -0.006188641 0.999930441 -0.010040039 7.650949001 0.013011377 0.010119902 0.999864101 65.808792114
0.999893785 0.005916970 -0.013328218 -1.339539766 -0.006047277 0.999934077 -0.009757832 7.697661877 0.013269602 0.009837394 0.999863565 66.272598267
0.999897778 0.006054834 -0.012950504 -1.352883339 -0.006185981 0.999929667 -0.010110791 7.756825447 0.012888372 0.010189868 0.999864995 66.746437073
0.999900818 0.005961978 -0.012758602 -1.363535523 -0.006079549 0.999939144 -0.009196125 7.813790798 0.012702997 0.009272779 0.999876261 67.228660583
0.999896824 0.006883421 -0.012608345 -1.377090693 -0.006993482 0.999937594 -0.008706250 7.869270325 0.012547625 0.008793529 0.999882579 67.700347900
0.999892056 0.006893663 -0.012966579 -1.384625793 -0.007001554 0.999941111 -0.008293780 7.919785500 0.012908638 0.008383670 0.999881506 68.158859253
0.999890089 0.007462055 -0.012802564 -1.396656513 -0.007566871 0.999938130 -0.008158212 7.971566200 0.012740893 0.008254190 0.999884784 68.631118774
0.999893367 0.007567986 -0.012482802 -1.410336971 -0.007662902 0.999942005 -0.007573416 8.028376579 0.012424761 0.007668261 0.999893427 69.112190247
0.999890506 0.007302306 -0.012873810 -1.417200565 -0.007392387 0.999948442 -0.006963507 8.077274323 0.012822297 0.007057912 0.999892890 69.577781677
0.999886334 0.008229949 -0.012634787 -1.432278037 -0.008314009 0.999943554 -0.006614961 8.128236771 0.012579634 0.006719254 0.999898314 70.051864624
0.999877632 0.008818084 -0.012923950 -1.439692378 -0.008905305 0.999937892 -0.006706717 8.187992096 0.012864009 0.006820987 0.999893963 70.542106628
0.999882698 0.008299745 -0.012873984 -1.447232604 -0.008392949 0.999938846 -0.007202695 8.239088058 0.012813415 0.007309900 0.999891162 71.010757446
0.999891043 0.007060681 -0.012966281 -1.456444025 -0.007159827 0.999945402 -0.007616192 8.291330338 0.012911795 0.007708197 0.999886930 71.496131897
0.999886215 0.008069008 -0.012744200 -1.470995188 -0.008170240 0.999935269 -0.007911399 8.351785660 0.012679538 0.008014621 0.999887466 71.991744995
0.999894023 0.007181053 -0.012656981 -1.478735447 -0.007281529 0.999942183 -0.007910315 8.402548790 0.012599446 0.008001641 0.999888599 72.455017090
0.999887526 0.008266848 -0.012514930 -1.501716852 -0.008363331 0.999935508 -0.007676770 8.507529259 0.012450662 0.007780574 0.999892175 73.424842834
0.999878824 0.008831901 -0.012817791 -1.505814672 -0.008928412 0.999931991 -0.007491809 8.567728043 0.012750755 0.007605345 0.999889731 73.934280396
0.999868989 0.010586547 -0.012246477 -1.515887022 -0.010682060 0.999912858 -0.007760075 8.622322083 0.012163257 0.007889873 0.999894857 74.396331787
0.999862909 0.011386641 -0.012025141 -1.524190187 -0.011486236 0.999900043 -0.008245753 8.677007675 0.011930048 0.008382743 0.999893606 74.874511719
0.999857306 0.011589400 -0.012286352 -1.526485443 -0.011701468 0.999890208 -0.009089131 8.738269806 0.012179665 0.009231600 0.999883175 75.376991272
0.999863625 0.011644515 -0.011710710 -1.534844995 -0.011757628 0.999884367 -0.009636828 8.788997650 0.011597140 0.009773202 0.999884903 75.873428345
0.999878705 0.010849549 -0.011181034 -1.546939731 -0.010961257 0.999890089 -0.009978410 8.842267990 0.011071544 0.010099754 0.999887645 76.359962463
0.999882698 0.010971242 -0.010685172 -1.553873539 -0.011070988 0.999895215 -0.009321013 8.895458221 0.010581788 0.009438212 0.999899447 76.838653564
0.999892950 0.011190777 -0.009418436 -1.572905302 -0.011283703 0.999887645 -0.009871854 8.947279930 0.009306906 0.009977073 0.999906838 77.316116333
0.999907494 0.010885192 -0.008144502 -1.591955900 -0.010952233 0.999906242 -0.008232782 9.059398651 0.008054122 0.008321221 0.999932945 78.320693970
0.999941528 0.008376392 -0.006841431 -1.608308196 -0.008416705 0.999947250 -0.005884979 9.237861633 0.006791778 0.005942218 0.999959230 79.878204346
0.999937594 0.009086590 -0.006500212 -1.603111982 -0.009121592 0.999943912 -0.005375315 9.276188850 0.006451006 0.005434272 0.999964356 80.315162659
0.999930263 0.009947008 -0.006363998 -1.606783867 -0.009989269 0.999928057 -0.006643664 9.331884384 0.006297456 0.006706774 0.999957621 80.804634094
0.999948502 0.008311276 -0.005819461 -1.610876083 -0.008357969 0.999932647 -0.008045629 9.396598816 0.005752201 0.008093853 0.999950647 81.305923462
0.999943793 0.009153972 -0.005354442 -1.615758181 -0.009200465 0.999919772 -0.008723906 9.447151184 0.005274154 0.008772681 0.999947548 81.828277588
0.999942422 0.009244219 -0.005445972 -1.617812395 -0.009294683 0.999913514 -0.009315159 9.502540588 0.005359389 0.009365242 0.999941707 82.336845398
0.999938905 0.009833748 -0.005045255 -1.630654097 -0.009882471 0.999903917 -0.009724911 9.564618111 0.004949138 0.009774177 0.999939919 82.864654541
0.999937475 0.009848401 -0.005295268 -1.622037411 -0.009900625 0.999901652 -0.009928884 9.621913910 0.005196965 0.009980690 0.999936640 83.356948853
0.999945462 0.009084158 -0.005151877 -1.623041749 -0.009130296 0.999917686 -0.009004335 9.676712036 0.005069658 0.009050881 0.999946117 83.859985352
0.999937832 0.010222469 -0.004434700 -1.636544704 -0.010257629 0.999915540 -0.007978853 9.736948967 0.004352763 0.008023848 0.999958217 84.384361267
0.999914289 0.012274077 -0.004546597 -1.640318871 -0.012303307 0.999903440 -0.006457515 9.795354843 0.004466899 0.006512901 0.999968708 84.892265320
0.999820888 0.018243004 -0.005035741 -1.653462529 -0.018260043 0.999827623 -0.003358176 9.857424736 0.004973612 0.003449529 0.999981642 85.398231506
0.999748826 0.021843798 -0.004999727 -1.668704629 -0.021844087 0.999761581 -0.000003344 9.919198036 0.004998463 0.000112559 0.999987423 85.921424866
0.999808431 0.019100856 -0.004278317 -1.674148083 -0.019097574 0.999817491 0.000806315 9.973928452 0.004292937 -0.000724456 0.999990523 86.434539795
0.999859095 0.016169261 -0.004524458 -1.672862649 -0.016159855 0.999867201 0.002108546 10.041317940 0.004557952 -0.002035135 0.999987483 86.950973511
0.999898612 0.013478411 -0.004579789 -1.682685733 -0.013483015 0.999908626 -0.000976159 10.166062355 0.004566215 0.001037810 0.999989033 87.971534729
0.999913037 0.012522508 -0.004135072 -1.696745396 -0.012538153 0.999914289 -0.003779006 10.225465775 0.004087396 0.003830524 0.999984264 88.510429382
0.999912798 0.012322380 -0.004757267 -1.679481983 -0.012344170 0.999913335 -0.004578522 10.289041519 0.004700436 0.004636848 0.999978185 89.012252808
0.999921620 0.011290332 -0.005413543 -1.689348221 -0.011324176 0.999916315 -0.006262278 10.345663071 0.005342386 0.006323092 0.999965727 89.515419006
0.999938190 0.009328247 -0.006062027 -1.689306021 -0.009369553 0.999932826 -0.006821465 10.408056259 0.005997987 0.006877841 0.999958336 90.034149170
0.999963462 0.006285355 -0.005796523 -1.690113068 -0.006318989 0.999963224 -0.005802339 10.460219383 0.005759840 0.005838755 0.999966323 90.547485352
0.999972403 0.004897920 -0.005586335 -1.697360754 -0.004927309 0.999973953 -0.005259260 10.520292282 0.005560430 0.005286639 0.999970496 91.069168091
0.999977767 0.003473929 -0.005704727 -1.700640678 -0.003500128 0.999983370 -0.004588688 10.580326080 0.005688692 0.004608552 0.999973178 91.592315674
0.999976933 0.002127705 -0.006453906 -1.694452643 -0.002157687 0.999986947 -0.004642120 10.631133080 0.006443944 0.004655938 0.999968410 92.092506409
0.999979854 0.001168474 -0.006243006 -1.703156233 -0.001196671 0.999989152 -0.004514817 10.689498901 0.006237662 0.004522196 0.999970376 92.612113953
0.999980211 0.000052247 -0.006299878 -1.712783813 -0.000079110 0.999990940 -0.004263862 10.748565674 0.006299600 0.004264275 0.999971032 93.108528137
0.999971032 -0.002745179 -0.007109079 -1.693591833 0.002715304 0.999987423 -0.004208727 10.807760239 0.007120545 0.004189301 0.999965787 93.649383545
0.999969482 -0.003598589 -0.006952139 -1.702353239 0.003566490 0.999983013 -0.004624036 10.869091988 0.006968661 0.004599099 0.999965072 94.163627625
0.999964893 -0.004557673 -0.007045532 -1.711084604 0.004523905 0.999978244 -0.004801338 10.928589821 0.007067263 0.004769295 0.999963582 94.669845581
0.999954760 -0.006083660 -0.007304515 -1.707282543 0.006048684 0.999970198 -0.004800908 10.980816841 0.007333502 0.004756508 0.999961793 95.201187134
0.999945998 -0.007397959 -0.007303967 -1.715109587 0.007362018 0.999960721 -0.004935443 11.033216476 0.007340190 0.004881405 0.999961138 95.709709167
0.999945939 -0.007562134 -0.007130557 -1.720540285 0.007525392 0.999958336 -0.005165696 11.092873573 0.007169321 0.005111756 0.999961197 96.219093323
0.999936104 -0.008467413 -0.007479342 -1.721616268 0.008424464 0.999947965 -0.005755265 11.155793190 0.007527685 0.005691888 0.999955416 96.765670776
0.999937832 -0.008629991 -0.007052704 -1.730259180 0.008589175 0.999946356 -0.005797129 11.213950157 0.007102355 0.005736192 0.999958217 97.271034241
0.999943435 -0.008342306 -0.006594616 -1.744103670 0.008302733 0.999947548 -0.006005266 11.282057762 0.006644368 0.005950173 0.999960244 97.822166443
0.999946594 -0.008086237 -0.006433634 -1.752538681 0.008046131 0.999948204 -0.006235499 11.343952179 0.006483723 0.006183400 0.999959826 98.367759705
0.999932230 -0.009677463 -0.006458709 -1.745783091 0.009633563 0.999930561 -0.006793699 11.450309753 0.006524005 0.006731020 0.999956012 99.365791321
0.999924064 -0.010628594 -0.006235707 -1.747978210 0.010588041 0.999922872 -0.006500867 11.504001617 0.006304318 0.006434349 0.999959469 99.886390686
0.999932766 -0.010298306 -0.005323173 -1.761741877 0.010262268 0.999924660 -0.006753673 11.564578056 0.005392321 0.006698592 0.999963045 100.404586792
0.999928713 -0.010440494 -0.005799652 -1.756741524 0.010402722 0.999924719 -0.006505245 11.627334595 0.005867135 0.006444448 0.999962032 100.921127319
0.999931991 -0.010392324 -0.005306275 -1.764434576 0.010362059 0.999930084 -0.005699841 11.684229851 0.005365138 0.005644469 0.999969721 101.436874390
0.999935031 -0.010116439 -0.005251509 -1.772494316 0.010087037 0.999933541 -0.005595203 11.745292664 0.005307764 0.005541866 0.999970615 101.963661194
0.999948263 -0.008899407 -0.004930770 -1.774966240 0.008871445 0.999944627 -0.005664443 11.800142288 0.004980906 0.005620407 0.999971807 102.484260559
0.999945760 -0.009246175 -0.004807633 -1.781381488 0.009221481 0.999944329 -0.005133599 11.857707977 0.004854832 0.005088987 0.999975264 102.995643616
0.999963343 -0.007323845 -0.004442303 -1.798096180 0.007300711 0.999959826 -0.005201844 11.917953491 0.004480220 0.005169220 0.999976575 103.517425537
0.999968410 -0.005973524 -0.005253561 -1.785292864 0.005948031 0.999970496 -0.004854668 11.976718903 0.005282406 0.004823266 0.999974430 104.057342529
0.999969900 -0.005503382 -0.005484710 -1.795761824 0.005476923 0.999973297 -0.004827498 12.036351204 0.005511132 0.004797314 0.999973297 104.576774597
0.999974430 -0.004864224 -0.005253793 -1.810830712 0.004839110 0.999976933 -0.004782158 12.090805054 0.005276934 0.004756613 0.999974787 105.073860168
0.999972403 -0.004497951 -0.005922788 -1.801338673 0.004466569 0.999975979 -0.005301059 12.151331902 0.005946489 0.005274457 0.999968410 105.630638123
0.999974012 -0.003884439 -0.006080781 -1.808527946 0.003853028 0.999979317 -0.005168776 12.211469650 0.006100732 0.005145212 0.999968171 106.138549805
0.999974847 -0.003458102 -0.006193147 -1.808707714 0.003425079 0.999980032 -0.005334906 12.266050339 0.006211472 0.005313560 0.999966502 106.659255981
0.999977231 -0.003020201 -0.006025754 -1.820007324 0.002987532 0.999980867 -0.005423300 12.322665215 0.006042020 0.005405175 0.999967039 107.174438477
0.999972224 -0.003762427 -0.006433659 -1.818809748 0.003732921 0.999982476 -0.004592000 12.377824783 0.006450820 0.004567856 0.999968708 107.699630737
0.999973059 -0.003315938 -0.006553948 -1.828791618 0.003290354 0.999986887 -0.003910674 12.435392380 0.006566829 0.003889003 0.999970853 108.211463928
0.999968171 -0.003866788 -0.006974129 -1.823896646 0.003840118 0.999985278 -0.003833449 12.495491028 0.006988850 0.003806545 0.999968231 108.729621887
0.999969006 -0.003896484 -0.006827494 -1.832539082 0.003874862 0.999987423 -0.003177288 12.550337791 0.006839789 0.003150733 0.999971569 109.241867065
0.999961436 -0.004394199 -0.007594658 -1.826492071 0.004373764 0.999986768 -0.002705055 12.610871315 0.007606444 0.002671734 0.999967456 109.761520386
0.999961793 -0.004181280 -0.007677558 -1.837725163 0.004169536 0.999990165 -0.001545045 12.666687965 0.007683944 0.001512974 0.999969304 110.264968872
0.999963164 -0.003534831 -0.007811315 -1.847691059 0.003530502 0.999993622 -0.000567893 12.728890419 0.007813273 0.000540295 0.999969304 110.788131714
0.999957442 -0.003887837 -0.008363151 -1.836686134 0.003886457 0.999992430 -0.000181318 12.787634850 0.008363788 0.000148807 0.999965012 111.300422668
0.999961793 -0.003001929 -0.008216019 -1.849826574 0.002999693 0.999995470 -0.000284469 12.846450806 0.008216831 0.000259813 0.999966204 111.812004089
0.999958515 -0.003550918 -0.008390015 -1.857983112 0.003546245 0.999993622 -0.000571776 12.904625893 0.008391990 0.000541999 0.999964654 112.309417725
0.999953091 -0.003191256 -0.009144334 -1.849762321 0.003185827 0.999994755 -0.000608223 12.961036682 0.009146226 0.000579061 0.999957979 112.822814941
0.999953508 -0.002778573 -0.009236658 -1.860721111 0.002774746 0.999996066 -0.000427132 13.018617630 0.009237806 0.000401482 0.999957263 113.330139160
0.999952614 -0.002780762 -0.009331470 -1.868288994 0.002782241 0.999996185 0.000145547 13.079999924 0.009331029 -0.000171503 0.999956429 113.838058472
0.999945164 -0.003075793 -0.010008809 -1.859856129 0.003080140 0.999995172 0.000418955 13.129920959 0.010007475 -0.000449760 0.999949813 114.337211609
0.999941707 -0.003163752 -0.010322823 -1.865593791 0.003164629 0.999994993 0.000068571 13.192021370 0.010322556 -0.000101235 0.999946773 114.844627380
0.999939799 -0.003123775 -0.010517299 -1.876901388 0.003125149 0.999995112 0.000114134 13.248947144 0.010516891 -0.000146995 0.999944746 115.348388672
0.999935865 -0.003456124 -0.010784296 -1.880704165 0.003465450 0.999993682 0.000846194 13.301501274 0.010781304 -0.000883513 0.999941409 115.844299316
0.999934435 -0.003567026 -0.010881041 -1.892759323 0.003577906 0.999993145 0.000980558 13.359766006 0.010877465 -0.001019426 0.999940336 116.354904175
0.999931216 -0.003686601 -0.011130384 -1.904380202 0.003705644 0.999991775 0.001690698 13.416266441 0.011124055 -0.001731827 0.999936581 116.860061646
0.999925137 -0.003569885 -0.011702430 -1.905426979 0.003593142 0.999991596 0.001966975 13.468070030 0.011695309 -0.002008876 0.999929547 117.327178955
0.999921441 -0.003129292 -0.012139620 -1.915631533 0.003154334 0.999992907 0.002044249 13.522791862 0.012133137 -0.002082381 0.999924183 117.820663452
0.999922156 -0.002807907 -0.012158030 -1.932512999 0.002822326 0.999995351 0.001168980 13.585196495 0.012154691 -0.001203203 0.999925375 118.327888489
0.999911487 -0.003030629 -0.012952542 -1.925799489 0.003049819 0.999994218 0.001462092 13.643812180 0.012948036 -0.001501465 0.999915004 118.824935913
0.999899983 -0.003464727 -0.013706243 -1.935193777 0.003480515 0.999993324 0.001128142 13.703289032 0.013702242 -0.001175734 0.999905348 119.316452026
0.999898612 -0.003833560 -0.013712366 -1.948630452 0.003849090 0.999991953 0.001106362 13.761943817 0.013708015 -0.001159030 0.999905348 119.814353943
0.999880254 -0.003849859 -0.014986271 -1.938207865 0.003877267 0.999990821 0.001800266 13.816123009 0.014979201 -0.001858157 0.999886036 120.303382874
0.999874890 -0.004166522 -0.015259161 -1.949674368 0.004199703 0.999988854 0.002143097 13.867836952 0.015250061 -0.002206912 0.999881208 120.787391663
0.999865115 -0.005045020 -0.015626671 -1.961565852 0.005071978 0.999985635 0.001685989 13.925137520 0.015617939 -0.001765020 0.999876440 121.288505554
0.999564350 -0.004755413 -0.029128859 -1.844413996 0.004778581 0.999988377 0.000725823 14.100277901 0.029125063 -0.000864702 0.999575317 123.148155212
0.999552488 -0.004617532 -0.029557249 -1.862127304 0.004609535 0.999989390 -0.000338705 14.147342682 0.029558493 0.000202308 0.999563038 123.644340515
0.999535739 -0.005290408 -0.030003574 -1.884642482 0.005256474 0.999985516 -0.001209760 14.209967613 0.030009529 0.001051485 0.999549031 124.127601624
0.999469221 -0.006349565 -0.031955194 -1.884304762 0.006299980 0.999978840 -0.001652176 14.265320778 0.031965006 0.001449981 0.999487877 124.605697632
0.999456108 -0.006785725 -0.032273859 -1.904299498 0.006763282 0.999976933 -0.000804523 14.321776390 0.032278568 0.000585809 0.999478757 125.089111328
0.999428213 -0.008009522 -0.032853339 -1.916425228 0.008015532 0.999967933 0.000051207 14.370626450 0.032851867 -0.000314515 0.999460161 125.564552307
0.999408960 -0.006562323 -0.033741646 -1.922781467 0.006613892 0.999977112 0.001416979 14.428890228 0.033731576 -0.001639305 0.999429524 126.075012207
0.999385059 -0.007060165 -0.034344714 -1.938961029 0.007128119 0.999972880 0.001856556 14.480426788 0.034330677 -0.002100228 0.999408305 126.532760620
0.999384105 -0.005294691 -0.034687698 -1.992279768 0.005373182 0.999983191 0.002169971 14.587348938 0.034675628 -0.002355018 0.999395847 127.462112427
0.999287605 -0.004931640 -0.037415959 -1.966113091 0.004999600 0.999985993 0.001722999 14.655476570 0.037406936 -0.001908837 0.999298275 128.041519165
