0.999999940 0.000000000 0.000000000 0.000000477 0.000000000 1.000000000 0.000000000 0.000000000 0.000000000 0.000000000 1.000000000 0.000000000
0.999993682 0.002704745 0.002276331 -0.005479462 -0.002704707 0.999996364 -0.000019938 0.063390315 -0.002276377 0.000013781 0.999997437 0.483437955
0.999977648 0.005559543 0.003695434 -0.005580617 -0.005565165 0.999983370 0.001512820 0.125364274 -0.003686962 -0.001533352 0.999992013 1.002404332
0.999959350 0.007596871 0.004863435 -0.020489020 -0.007613416 0.999965191 0.003392698 0.180073932 -0.004837492 -0.003429587 0.999982417 1.496705532
0.999933422 0.009510950 0.006536044 -0.022988565 -0.009541493 0.999943674 0.004657827 0.244990319 -0.006491376 -0.004719879 0.999967754 1.992701650
0.999902904 0.010879138 0.008715041 -0.022960121 -0.010937706 0.999917746 0.006701047 0.308411092 -0.008641423 -0.006795717 0.999939501 2.484895229
0.999894679 0.010290570 0.010229187 -0.022122545 -0.010366164 0.999919176 0.007364938 0.369878173 -0.010152573 -0.007470201 0.999920547 2.989157200
0.999864340 0.010765994 0.012460784 -0.018812139 -0.010863957 0.999910414 0.007820743 0.430694431 -0.012375471 -0.007955058 0.999891758 3.480670929
0.999817789 0.012219527 0.014658036 -0.015989017 -0.012342692 0.999889076 0.008341812 0.498605192 -0.014554478 -0.008521214 0.999857724 3.976070642
0.999780297 0.012828939 0.016576273 -0.014211707 -0.012985718 0.999871552 0.009385342 0.560378015 -0.016453743 -0.009598537 0.999818563 4.480110168
0.999728560 0.013044767 0.019302446 -0.009836368 -0.013270756 0.999844253 0.011626516 0.621626556 -0.019147776 -0.011879520 0.999746144 4.962916374
0.999701858 0.012078828 0.021217670 0.000739813 -0.012379439 0.999824047 0.014094213 0.690173447 -0.021043699 -0.014352677 0.999675512 5.463761330
0.999678254 0.011228339 0.022749629 0.009481981 -0.011578981 0.999815285 0.015340549 0.753412545 -0.022573179 -0.015599028 0.999623477 5.964013577
0.999625444 0.010336671 0.025340095 0.020724013 -0.010761101 0.999803066 0.016670594 0.812394440 -0.025162783 -0.016937038 0.999539852 6.436340332
0.999568880 0.009675498 0.027717549 0.029367179 -0.010135588 0.999812305 0.016507149 0.882457733 -0.027552629 -0.016780967 0.999479532 6.951330662
0.999525070 0.008836679 0.029522672 0.040890425 -0.009332996 0.999816775 0.016716201 0.947445095 -0.029369541 -0.016983796 0.999424398 7.437360287
0.999477625 0.007721628 0.031386226 0.058219537 -0.008259547 0.999820709 0.017045414 1.015674591 -0.031248983 -0.017295746 0.999361932 7.944465637
0.999413669 0.006793816 0.033559803 0.075538099 -0.007388875 0.999817193 0.017639225 1.081910968 -0.033433829 -0.017876850 0.999281049 8.427492142
0.999330342 0.005857793 0.036118355 0.085396677 -0.006495372 0.999824703 0.017560542 1.141159177 -0.036009163 -0.017783387 0.999193192 8.908742905
0.999262452 0.005319644 0.038029667 0.104864419 -0.005947987 0.999847293 0.016428469 1.207726479 -0.037936471 -0.016642550 0.999141514 9.398703575
0.999192417 0.004823710 0.039889544 0.123611063 -0.005446947 0.999864459 0.015530192 1.266975522 -0.039809227 -0.015734926 0.999083340 9.892715454
0.999127507 0.005686879 0.041377995 0.142260402 -0.006242351 0.999891996 0.013307530 1.335484266 -0.041297842 -0.013554213 0.999054909 10.411946297
0.999014914 0.006999732 0.043822795 0.155634940 -0.007493239 0.999910235 0.011107270 1.400484920 -0.043741100 -0.011424702 0.998977542 10.883679390
0.998939931 0.008193942 0.045297910 0.175262183 -0.008550369 0.999933898 0.007680365 1.458917260 -0.045231972 -0.008059539 0.998943985 11.359019279
0.998860061 0.009994093 0.046675883 0.194140822 -0.010216618 0.999937594 0.004531296 1.507588387 -0.046627674 -0.005003003 0.998899758 11.848484993
0.998777688 0.010142315 0.048376575 0.208097607 -0.010182947 0.999948025 0.000593487 1.569654346 -0.048368037 -0.001085380 0.998828948 12.330064774
0.998727500 0.009942316 0.049443003 0.236646563 -0.009909370 0.999950528 -0.000911423 1.621214628 -0.049449608 0.000420313 0.998776495 12.848315239
0.998681009 0.009849072 0.050392482 0.261723340 -0.009787931 0.999951065 -0.001459994 1.683133841 -0.050404392 0.000964828 0.998728395 13.332787514
0.998551488 0.010121350 0.052845016 0.280156881 -0.010187199 0.999947667 0.000976874 1.742016196 -0.052832361 -0.001513803 0.998602211 13.800070763
0.998462439 0.009783615 0.054563314 0.307669610 -0.010125679 0.999930799 0.005996159 1.805779099 -0.054500870 -0.006539432 0.998492301 14.299331665
0.998261034 0.009389881 0.058196679 0.356795251 -0.010251435 0.999841988 0.014523327 1.928768039 -0.058051106 -0.015094673 0.998199463 15.265029907
0.998176932 0.009145764 0.059660323 0.375582576 -0.010009284 0.999849260 0.014191203 1.997637749 -0.059521530 -0.014762489 0.998117864 15.823619843
0.998116076 0.009045708 0.060682248 0.409374118 -0.009708057 0.999896348 0.010629116 2.051966667 -0.060579810 -0.011198199 0.998100460 16.282100677
0.997955799 0.008229345 0.063374460 0.431237698 -0.008701281 0.999936402 0.007174379 2.114824295 -0.063311383 -0.007711153 0.997964084 16.759057999
0.997898102 0.006452218 0.064479806 0.469828904 -0.006673643 0.999972522 0.003219222 2.177354097 -0.064457260 -0.003642771 0.997913718 17.241531372
0.997837901 0.006255093 0.065424629 0.504699290 -0.006169517 0.999979794 -0.001509950 2.246536255 -0.065432750 0.001103046 0.997856319 17.739082336
0.997754633 0.006044881 0.066702664 0.538349211 -0.005752956 0.999972999 -0.004567723 2.301335335 -0.066728473 0.004173728 0.997762442 18.233491898
0.997655988 0.005367027 0.068216980 0.570687115 -0.004977439 0.999970257 -0.005879672 2.355562925 -0.068246514 0.005526346 0.997653127 18.718805313
0.997548401 0.006677903 0.069660820 0.589060724 -0.006206280 0.999956310 -0.006984496 2.407385111 -0.069704421 0.006535036 0.997546256 19.198402405
0.997446716 0.007654503 0.071003288 0.626798153 -0.007007236 0.999931574 -0.009360624 2.467100143 -0.071070082 0.008839190 0.997432113 19.686792374
0.997457981 0.006770320 0.070935503 0.661358058 -0.005964068 0.999915242 -0.011571650 2.520427704 -0.071007833 0.011119167 0.997413754 20.195278168
0.997305393 0.007704451 0.072957039 0.686255515 -0.006868102 0.999907911 -0.011707526 2.569346189 -0.073040523 0.011174901 0.997266293 20.666246414
0.997203648 0.008282972 0.074271932 0.721532404 -0.007441570 0.999904990 -0.011598255 2.631856918 -0.074360944 0.011013121 0.997170448 21.167966843
0.997084677 0.010603945 0.075563148 0.748756588 -0.009837837 0.999896407 -0.010503663 2.690229654 -0.075666688 0.009729661 0.997085571 21.684078217
0.996999919 0.013482923 0.076219469 0.791002035 -0.012842014 0.999877989 -0.008892615 2.743349314 -0.076330073 0.007887123 0.997051358 22.169515610
0.996900737 0.015358103 0.077157728 0.810965598 -0.014794107 0.999859512 -0.007875927 2.804896832 -0.077267841 0.006710035 0.996987760 22.663511276
0.996867836 0.016264129 0.077396661 0.844337881 -0.015876390 0.999858201 -0.005622533 2.854381561 -0.077477112 0.004376142 0.996984482 23.173439026
0.996806145 0.018941743 0.077580653 0.881189883 -0.018662078 0.999816597 -0.004328355 2.911457539 -0.077648394 0.002866715 0.996976674 23.663331985
0.996639431 0.021562679 0.079024889 0.912403226 -0.021301324 0.999764562 -0.004148853 2.967146635 -0.079095729 0.002451577 0.996864021 24.139575958
0.996515512 0.023410864 0.080056086 0.942987442 -0.023198098 0.999724448 -0.003586879 3.026322842 -0.080118001 0.001717231 0.996783972 24.616292953
0.996437371 0.025184490 0.080487601 0.979146242 -0.024987273 0.999681830 -0.003456723 3.078317642 -0.080549039 0.001433243 0.996749640 25.092506409
0.996321917 0.027317263 0.081218094 1.016377330 -0.027107658 0.999625683 -0.003682506 3.138910770 -0.081288293 0.001467329 0.996689618 25.602231979
0.996192932 0.028975841 0.082218930 1.051474452 -0.028726039 0.999578416 -0.004219819 3.202067375 -0.082306542 0.001841930 0.996605396 26.060430527
0.996048450 0.029192425 0.083875902 1.080317140 -0.028980168 0.999572873 -0.003747241 3.259274006 -0.083949476 0.001301696 0.996469200 26.567817688
0.995989978 0.029388895 0.084500179 1.130067110 -0.029226085 0.999567747 -0.003163434 3.324993849 -0.084556624 0.000681139 0.996418536 27.103773117
0.995888233 0.029325331 0.085712172 1.172572374 -0.029225495 0.999569893 -0.002419597 3.380306959 -0.085746251 -0.000095334 0.996316969 27.643623352
0.995684147 0.030244442 0.087740488 1.207997799 -0.030240154 0.999541759 -0.001378388 3.439293623 -0.087741971 -0.001280848 0.996142387 28.122615814
0.995560050 0.030015159 0.089214243 1.246624827 -0.030144939 0.999545515 0.000107380 3.494710207 -0.089170471 -0.002796262 0.996012449 28.613775253
0.995481014 0.029557493 0.090243578 1.294690251 -0.029704044 0.999558628 0.000281031 3.565208912 -0.090195447 -0.002960362 0.995919704 29.121973038
0.995449066 0.028898316 0.090807416 1.345811725 -0.029149773 0.999573946 0.001443842 3.619591951 -0.090727009 -0.004084288 0.995867372 29.600944519
0.995409489 0.026811456 0.091875337 1.395177603 -0.027142126 0.999628842 0.002351353 3.679416180 -0.091778189 -0.004834252 0.995767713 30.108339310
0.995305538 0.024146626 0.093722463 1.431613207 -0.024600264 0.999690533 0.003687798 3.739704609 -0.093604423 -0.005976084 0.995591521 30.593938828
0.995230675 0.024048598 0.094537385 1.497389436 -0.024621012 0.999684870 0.004892993 3.813521624 -0.094389915 -0.007197265 0.995509326 31.136102676
0.995128334 0.021112187 0.096300326 1.539685249 -0.021833137 0.999740899 0.006438823 3.881145954 -0.096139424 -0.008509994 0.995331526 31.653602600
0.994953632 0.021571742 0.097989395 1.575876474 -0.022490675 0.999712706 0.008282884 3.919521809 -0.097782560 -0.010444932 0.995153010 32.099544525
0.994747877 0.021139057 0.100148313 1.618085623 -0.022227984 0.999705136 0.009769670 3.979459286 -0.099912249 -0.011944452 0.994924545 32.568847656
0.994605064 0.020004280 0.101787560 1.665131688 -0.021183357 0.999720275 0.010515905 4.043532372 -0.101548724 -0.012615372 0.994750619 33.035923004
0.994618118 0.018335903 0.101973630 1.722323298 -0.019597296 0.999743164 0.011381671 4.102347374 -0.101738743 -0.013318822 0.994721949 33.500679016
0.994479895 0.017344244 0.103483304 1.768999577 -0.018698152 0.999751568 0.012127547 4.162345409 -0.103247240 -0.013995547 0.994557261 33.997650146
0.994366586 0.015617365 0.104838833 1.823586106 -0.016988192 0.999781311 0.012195288 4.223614216 -0.104625426 -0.013907608 0.994414449 34.481708527
0.994274974 0.014619824 0.105846025 1.879748106 -0.015957333 0.999803066 0.011800475 4.302170753 -0.105652660 -0.013421937 0.994312584 34.999469757
0.994154036 0.014616680 0.106976897 1.930610061 -0.015853209 0.999816895 0.010717517 4.368631363 -0.106800646 -0.012350787 0.994203806 35.485931396
0.994029224 0.013926359 0.108221956 1.974860191 -0.014927762 0.999852717 0.008448537 4.429506779 -0.108088374 -0.010013603 0.994090796 35.997627258
0.993825078 0.013867456 0.110088162 2.020674944 -0.014652969 0.999872446 0.006329436 4.490689754 -0.109986350 -0.007903467 0.993901670 36.457782745
0.993781090 0.012551323 0.110641696 2.083971977 -0.013108840 0.999904692 0.004312899 4.556587219 -0.110577017 -0.005736460 0.993851006 36.950248718
0.993611515 0.012623094 0.112145863 2.134600639 -0.013018625 0.999911249 0.002795282 4.612641811 -0.112100638 -0.004237408 0.993687868 37.422626495
0.993534803 0.012325614 0.112856455 2.184502840 -0.012600504 0.999919057 0.001722716 4.670740128 -0.112826094 -0.003133625 0.993609846 37.901374817
0.993413806 0.011887062 0.113963746 2.235594988 -0.012009137 0.999927759 0.000384649 4.742279530 -0.113950953 -0.001750722 0.993484855 38.380455017
0.993235528 0.013924224 0.115279354 2.288673639 -0.013974774 0.999902248 -0.000369754 4.806236744 -0.115273237 -0.001243749 0.993333042 38.881649017
0.993077457 0.013703398 0.116659030 2.339702606 -0.013629058 0.999905944 -0.001434969 4.858630657 -0.116667725 -0.000164916 0.993170917 39.395019531
0.992949784 0.015472416 0.117522456 2.393175602 -0.015268167 0.999879897 -0.002638143 4.920578480 -0.117549174 0.000825194 0.993066669 39.865558624
0.992844999 0.013569291 0.118636265 2.442291737 -0.013265491 0.999906361 -0.003350118 4.971229076 -0.118670605 0.001752381 0.992932141 40.325977325
0.992651403 0.013870480 0.120210752 2.493005276 -0.013401456 0.999899089 -0.004709261 5.030221462 -0.120263927 0.003063656 0.992737234 40.786071777
0.992537856 0.013961811 0.121134594 2.548623562 -0.013332356 0.999893129 -0.006005311 5.084682941 -0.121205479 0.004345490 0.992617905 41.240806580
0.992382467 0.013400281 0.122464217 2.607200146 -0.012672761 0.999897063 -0.006717699 5.131900311 -0.122541644 0.005114567 0.992450237 41.746639252
0.992206037 0.013957218 0.123823531 2.658589840 -0.013273670 0.999891758 -0.006343619 5.195418358 -0.123898655 0.004650584 0.992284000 42.200923920
0.992050886 0.014508680 0.124998428 2.717428923 -0.013838371 0.999884784 -0.006229200 5.260891438 -0.125074401 0.004449909 0.992137432 42.685573578
0.991903722 0.014397104 0.126173183 2.767542124 -0.013800783 0.999889076 -0.005599120 5.311387539 -0.126239806 0.003812501 0.991992414 43.149265289
0.991724372 0.015455930 0.127451196 2.827120304 -0.014823685 0.999872684 -0.005907759 5.383510590 -0.127526268 0.003969572 0.991827250 43.658683777
0.991543770 0.011994327 0.129216835 2.869198084 -0.011415577 0.999921203 -0.005218643 5.427183628 -0.129269242 0.003699428 0.991602659 44.120498657
0.991386771 0.011355228 0.130473226 2.937700987 -0.010775967 0.999928713 -0.005144855 5.494022369 -0.130522355 0.003694566 0.991438508 44.615425110
0.991340280 0.010347444 0.130909666 3.024080038 -0.009731977 0.999938369 -0.005340374 5.528999805 -0.130956858 0.004020117 0.991379917 45.116062164
0.991113186 0.009654108 0.132670105 3.083789825 -0.008921120 0.999941528 -0.006118212 5.580380917 -0.132721424 0.004880275 0.991141379 45.574916840
0.990921319 0.009215211 0.134126887 3.145282507 -0.008186461 0.999932647 -0.008219461 5.638256073 -0.134193599 0.007046815 0.990930080 46.043838501
0.990742922 0.009132979 0.135443762 3.205654621 -0.007979782 0.999927104 -0.009054681 5.690880775 -0.135516569 0.007890049 0.990743637 46.538497925
0.990620673 0.009332431 0.136320904 3.270095348 -0.008289021 0.999931872 -0.008219706 5.745567322 -0.136388347 0.007012645 0.990630627 47.032287598
0.990470946 0.009818806 0.137371451 3.330991268 -0.008922515 0.999934733 -0.007138849 5.809279919 -0.137432575 0.005845123 0.990493834 47.523014069
0.990344942 0.010105571 0.138255686 3.388966322 -0.009492881 0.999942005 -0.005090260 5.858965874 -0.138299108 0.003728670 0.990383446 47.976852417
0.990235865 0.011655704 0.138913721 3.460290194 -0.011352998 0.999931097 -0.002971305 5.920826435 -0.138938785 0.001365205 0.990300000 48.466472626
0.990127325 0.009535612 0.139846385 3.522531033 -0.009582460 0.999954045 -0.000338362 5.973670006 -0.139843181 -0.001005052 0.990173161 48.944698334
0.989899635 0.010581539 0.141375080 3.578683615 -0.011051973 0.999935746 0.002542773 6.019856930 -0.141339123 -0.004079565 0.989952803 49.423072815
0.989620268 0.012256973 0.143183127 3.636577129 -0.012901954 0.999910414 0.003576963 6.077178478 -0.143126443 -0.005387179 0.989689708 49.889011383
0.989439428 0.014647037 0.144204900 3.698086739 -0.015374287 0.999874175 0.003930044 6.136514664 -0.144129202 -0.006105589 0.989540040 50.365447998
0.989290655 0.017248632 0.144936144 3.759761095 -0.018001467 0.999830425 0.003884291 6.190660954 -0.144844607 -0.006451758 0.989433467 50.826679230
0.989190936 0.019810978 0.145288631 3.826614618 -0.020543974 0.999782622 0.003546295 6.245493412 -0.145186812 -0.006492770 0.989382923 51.301151276
0.989052057 0.020256387 0.146169975 3.891832590 -0.020812197 0.999780834 0.002274055 6.314096451 -0.146091878 -0.005291279 0.989256918 51.764507294
0.988969743 0.020955510 0.146627724 3.960180521 -0.021293191 0.999773026 0.000733614 6.357985497 -0.146579072 -0.003847695 0.989191532 52.207813263
0.988792956 0.021548605 0.147729516 4.020199776 -0.021508180 0.999766886 -0.001871311 6.438279629 -0.147735417 -0.001327055 0.989026070 52.742797852
0.988650560 0.023894237 0.148320720 4.105825424 -0.023504520 0.999714136 -0.004380063 6.485870361 -0.148383006 0.000844142 0.988929629 53.247009277
0.988512516 0.024183618 0.149191737 4.168456078 -0.023558510 0.999704778 -0.005956091 6.542216301 -0.149291754 0.002372934 0.988790333 53.736873627
0.988372445 0.026982093 0.149638981 4.240569592 -0.025964871 0.999624670 -0.008747703 6.603736401 -0.149818778 0.004760631 0.988701999 54.234237671
0.988170981 0.027024165 0.150956795 4.305926323 -0.025764007 0.999615014 -0.010297771 6.649538994 -0.151176944 0.006286703 0.988486767 54.689540863
0.988049328 0.027852433 0.151600480 4.378177166 -0.026193092 0.999573231 -0.012931876 6.703018188 -0.151895955 0.008806446 0.988357246 55.163452148
0.987876773 0.026538445 0.152955145 4.449448109 -0.024788918 0.999603689 -0.013334217 6.752271175 -0.153248399 0.009380969 0.988143146 55.637603760
0.987649143 0.026812974 0.154370517 4.518579006 -0.025100868 0.999599934 -0.013029681 6.812348843 -0.154658139 0.008993917 0.987927079 56.090156555
0.987460256 0.027355645 0.155480176 4.584234238 -0.025741618 0.999591887 -0.012385247 6.859555244 -0.155755505 0.008227626 0.987761438 56.514450073
0.987237871 0.027490599 0.156861767 4.642797947 -0.026202673 0.999603808 -0.010272975 6.906336784 -0.157082051 0.006031671 0.987567127 56.955852509
0.987104833 0.025895728 0.157967329 4.727592468 -0.025168845 0.999661386 -0.006600570 6.944664955 -0.158084750 0.002539598 0.987422287 57.422977448
0.986893356 0.026180616 0.159236267 4.809737206 -0.026035158 0.999656439 -0.002999945 6.996289730 -0.159260124 -0.001185117 0.987235904 57.944122314
0.986802936 0.025236031 0.159947097 4.896923542 -0.025383312 0.999677241 -0.001122609 7.076731205 -0.159923777 -0.002952193 0.987125099 58.479053497
0.986568809 0.025084382 0.161408931 4.971020699 -0.025315689 0.999679387 -0.000623687 7.133311749 -0.161372811 -0.003470869 0.986887455 58.932361603
0.986362636 0.025705146 0.162566721 5.042840481 -0.026090750 0.999659598 0.000237145 7.191362858 -0.162505284 -0.004475400 0.986697614 59.409420013
0.986122549 0.026574124 0.163878202 5.113852024 -0.027085552 0.999632776 0.000886699 7.249006748 -0.163794458 -0.005313126 0.986480176 59.873737335
0.985766351 0.027722193 0.165819436 5.263605595 -0.028308162 0.999598563 0.001170991 7.366425514 -0.165720433 -0.005848368 0.986155450 60.783634186
0.985676825 0.027985470 0.166306615 5.353398800 -0.028494149 0.999593794 0.000673004 7.427116394 -0.166220218 -0.005402131 0.986073911 61.330883026
0.985384405 0.029197078 0.167824656 5.425640583 -0.029657599 0.999560118 0.000237781 7.473418713 -0.167743891 -0.005211583 0.985816896 61.773490906
0.985210717 0.029439108 0.168799222 5.492006302 -0.029760590 0.999556899 -0.000625627 7.536343575 -0.168742836 -0.004407191 0.985650301 62.229625702
0.985140145 0.029415853 0.169214457 5.588189125 -0.029817097 0.999555349 -0.000169915 7.597528458 -0.169144213 -0.004878097 0.985579252 62.723052979
0.984839499 0.029838668 0.170882195 5.662564278 -0.030228503 0.999542952 -0.000320723 7.655721664 -0.170813650 -0.004849654 0.985291481 63.180957794
0.984640956 0.029972635 0.171998918 5.741900921 -0.030356651 0.999539018 -0.000397745 7.715620995 -0.171931580 -0.004829677 0.985097051 63.646289825
0.984463632 0.030548383 0.172910571 5.822080612 -0.030977592 0.999520123 -0.000216331 7.773816586 -0.172834188 -0.005143385 0.984937549 64.107589722
0.984236121 0.031639881 0.174006060 5.891504288 -0.032311384 0.999477327 0.001026927 7.824489594 -0.173882633 -0.006633117 0.984744012 64.563484192
0.984092832 0.035096340 0.174153537 5.971953869 -0.035981771 0.999350548 0.001928531 7.888706684 -0.173972741 -0.008164208 0.984716654 65.030197144
0.983639300 0.039926078 0.175669178 6.032238483 -0.041020244 0.999154925 0.002600238 7.950492382 -0.175416917 -0.009763692 0.984445810 65.473678589
0.983489394 0.041905463 0.176046476 6.109836102 -0.043191340 0.999060750 0.003477043 8.001710892 -0.175735414 -0.011023319 0.984375656 65.928024292
0.983335733 0.043732692 0.176460296 6.200740337 -0.044752236 0.998996496 0.001800229 8.062025070 -0.176204503 -0.009667223 0.984306097 66.402671814
0.983317673 0.041103102 0.177191824 6.280895233 -0.041843288 0.999124050 0.000441066 8.110398293 -0.177018493 -0.007847996 0.984176338 66.887969971
0.983162284 0.038988974 0.178526685 6.367532253 -0.039126989 0.999230444 -0.002749083 8.163709641 -0.178496495 -0.004282418 0.983931303 67.333534241
0.982946754 0.038225006 0.179873824 6.452178478 -0.037638072 0.999269068 -0.006676071 8.215861320 -0.179997548 -0.000207881 0.983667016 67.779159546
0.982647955 0.038675077 0.181403860 6.535710335 -0.037322819 0.999244094 -0.010863357 8.271162987 -0.181686908 0.003904351 0.983348608 68.235923767
0.982457697 0.039507862 0.182252705 6.619578838 -0.037667651 0.999198437 -0.013548904 8.318150520 -0.182641909 0.006446193 0.983158350 68.685760498
0.982269943 0.039361730 0.183293119 6.711422443 -0.037165288 0.999190331 -0.015404343 8.373750687 -0.183751062 0.008319079 0.982937515 69.164558411
0.982101142 0.039827757 0.184095606 6.792250156 -0.037467774 0.999165177 -0.016281564 8.415532112 -0.184590384 0.009092489 0.982773423 69.604866028
0.981960833 0.038874518 0.185045570 6.879346848 -0.036373049 0.999195457 -0.016894924 8.460583687 -0.185553461 0.009859484 0.982584655 70.044769287
0.981931746 0.039790574 0.185004681 6.979628086 -0.037249360 0.999158025 -0.017192755 8.515290260 -0.185533032 0.009990808 0.982587218 70.513900757
0.981805027 0.039910033 0.185650706 7.072601795 -0.037357129 0.999153376 -0.017230360 8.556569099 -0.186181203 0.009981474 0.982464671 70.973556519
0.981625438 0.037994955 0.186996773 7.148537159 -0.035517078 0.999231398 -0.016584694 8.610494614 -0.187483191 0.009638381 0.982220531 71.422019958
0.981342733 0.037308462 0.188611910 7.232131481 -0.035023868 0.999267220 -0.015432269 8.657494545 -0.189049482 0.008538427 0.981930435 71.856506348
0.981079936 0.037505232 0.189935550 7.316330433 -0.035469163 0.999271095 -0.014109110 8.706996918 -0.190326303 0.007105312 0.981695175 72.300666809
0.980832934 0.037462413 0.191215530 7.398025036 -0.035782441 0.999284685 -0.012232376 8.748640060 -0.191537037 0.005155762 0.981471956 72.738777161
0.980566919 0.037120614 0.192640960 7.490567207 -0.035698637 0.999303579 -0.010848505 8.790244102 -0.192909539 0.003760666 0.981209338 73.204010010
0.980349720 0.038824130 0.193409488 7.588768005 -0.037415002 0.999239922 -0.010934547 8.847466469 -0.193687052 0.003483264 0.981057227 73.675651550
0.979988933 0.039208513 0.195152208 7.673273563 -0.037789565 0.999225199 -0.010990322 8.901023865 -0.195431978 0.003395675 0.980711460 74.143051147
0.979449987 0.041091889 0.197457120 7.832765102 -0.039888889 0.999153376 -0.010067658 9.006855965 -0.197703615 0.001984423 0.980259776 74.985549927
0.979071200 0.041490979 0.199243814 7.924416065 -0.040342487 0.999137580 -0.009822274 9.057250977 -0.199479491 0.001578714 0.979900777 75.443138123
0.978746474 0.041092247 0.200915173 8.007581711 -0.040072206 0.999154925 -0.009143122 9.104131699 -0.201121107 0.000897684 0.979565978 75.869750977
0.978464544 0.040902212 0.202322200 8.104243279 -0.039989132 0.999163032 -0.008600347 9.160177231 -0.202504635 0.000324444 0.979281187 76.328399658
0.978253782 0.041249156 0.203268796 8.205649376 -0.040469218 0.999148786 -0.007993755 9.211192131 -0.203425467 -0.000406209 0.979090393 76.798774719
0.977866471 0.042413421 0.204886287 8.296165466 -0.041710421 0.999099612 -0.007750733 9.267105103 -0.205030501 -0.000966711 0.978755057 77.246978760
0.977669358 0.042368308 0.205834076 8.400424957 -0.041706141 0.999101281 -0.007556670 9.324329376 -0.205969259 -0.001196621 0.978557765 77.717498779
0.977362037 0.043842401 0.206982166 8.499160767 -0.043408677 0.999035299 -0.006638853 9.367385864 -0.207073510 -0.002496260 0.978322208 78.175010681
0.977112472 0.045438543 0.207814410 8.608604431 -0.044990264 0.998963714 -0.006885513 9.430865288 -0.207911894 -0.002621705 0.978144109 78.639076233
0.976791441 0.044865888 0.209440663 8.686798096 -0.044604558 0.998986900 -0.005973403 9.470129013 -0.209496439 -0.003507240 0.977803111 79.063591003
0.976311982 0.044694580 0.211700991 8.779438019 -0.044660464 0.998990059 -0.004945075 9.526782036 -0.211708188 -0.004626731 0.977321923 79.504394531
0.976025164 0.043652002 0.213234872 8.883189201 -0.043933526 0.999028623 -0.003420462 9.579327583 -0.213177025 -0.006029704 0.976994991 79.954681396
0.975578070 0.044299826 0.215138718 8.979207993 -0.044915043 0.998988748 -0.002030714 9.633069992 -0.215011120 -0.007681845 0.976581395 80.416908264
0.974900901 0.044443287 0.218158096 9.161345482 -0.045422550 0.998967767 -0.000526791 9.731517792 -0.217956290 -0.009395727 0.975913286 81.230171204
0.974547982 0.045690332 0.219472915 9.272521019 -0.046635393 0.998911560 -0.000875582 9.790509224 -0.219274029 -0.009381910 0.975618184 81.724258423
0.974239111 0.045344796 0.220911235 9.368610382 -0.046247520 0.998929441 -0.001086882 9.828695297 -0.220724002 -0.009157714 0.975293338 82.134010315
0.973809361 0.045681190 0.222729474 9.468073845 -0.046272777 0.998925567 -0.002564703 9.896113396 -0.222607329 -0.007808780 0.974876940 82.596771240
0.973394394 0.049140554 0.223804623 9.564860344 -0.049533933 0.998765111 -0.003859642 9.952871323 -0.223717868 -0.007328972 0.974626422 83.085517883
0.972880900 0.050210193 0.225791544 9.666413307 -0.050567634 0.998711884 -0.004203984 10.007032394 -0.225711793 -0.007327771 0.974166572 83.517967224
0.972051024 0.051499650 0.229051918 9.867300987 -0.051974084 0.998640537 -0.003964949 10.103291512 -0.228944778 -0.008050634 0.973406136 84.377143860
0.971530259 0.052720681 0.230975211 9.980302811 -0.053259343 0.998573065 -0.003906859 10.166297913 -0.230851635 -0.008505959 0.972951829 84.867088318
0.970942557 0.053521357 0.233251452 10.081252098 -0.054106876 0.998527527 -0.003892309 10.216346741 -0.233116359 -0.008841301 0.972408712 85.300125122
0.970448315 0.053442683 0.235316828 10.187241554 -0.054325901 0.998519480 -0.002732859 10.261218071 -0.235114530 -0.010131704 0.971914828 85.734062195
0.969889760 0.053677239 0.237555906 10.296812057 -0.054756779 0.998497665 -0.002056594 10.307690620 -0.237309441 -0.011013131 0.971371651 86.183502197
0.969351470 0.053243063 0.239839643 10.395084381 -0.054599985 0.998507917 -0.000988335 10.358876228 -0.239534423 -0.012137201 0.970812023 86.614189148
0.968775809 0.055793282 0.241579294 10.531107903 -0.057213809 0.998361349 -0.001136249 10.420906067 -0.241246849 -0.012720903 0.970380425 87.071701050
0.968098640 0.057724990 0.243829310 10.624908447 -0.059040993 0.998253703 -0.001913917 10.481472015 -0.243514031 -0.012543066 0.969816208 87.555503845
0.967299044 0.057883337 0.246945500 10.729084015 -0.059262745 0.998240709 -0.001849400 10.531566620 -0.246618107 -0.012845747 0.969027698 87.972076416
0.966746688 0.057453334 0.249198571 10.843869209 -0.058879487 0.998263597 -0.001733645 10.581791878 -0.248865500 -0.012996690 0.968450844 88.398689270
0.966215074 0.057107247 0.251330882 10.958145142 -0.058240965 0.998298287 -0.002931462 10.633531570 -0.251070619 -0.011805331 0.967896819 88.829620361
0.965701640 0.056171715 0.253505707 11.076308250 -0.056861285 0.998371482 -0.004612143 10.682690620 -0.253351927 -0.009960706 0.967322886 89.253158569
0.965045810 0.055527985 0.256131291 11.190941811 -0.055686951 0.998426259 -0.006637774 10.731102943 -0.256096780 -0.007857412 0.966619253 89.677780151
0.964279592 0.054415219 0.259237081 11.300491333 -0.054099940 0.998500586 -0.008355871 10.781544685 -0.259303123 -0.005967317 0.965777576 90.109512329
0.963748097 0.054936461 0.261096656 11.431820869 -0.054217532 0.998479545 -0.009961372 10.833877563 -0.261246920 -0.004555763 0.965261221 90.577247620
0.963096261 0.055953186 0.263277054 11.539398193 -0.054841164 0.998427987 -0.011576779 10.881426811 -0.263510942 -0.003288869 0.964650691 90.988418579
0.962477505 0.056668572 0.265378505 11.663406372 -0.055156600 0.998391092 -0.013152579 10.941041946 -0.265696883 -0.001978317 0.964054585 91.428939819
0.961870670 0.057487853 0.267394722 11.768137932 -0.056185216 0.998341799 -0.012526853 10.976291656 -0.267671496 -0.002974419 0.963505626 91.840972900
0.961086273 0.057040256 0.270295352 11.874036789 -0.055919878 0.998365045 -0.011850590 11.015851021 -0.270529389 -0.003725447 0.962704539 92.235916138
0.960528612 0.055888470 0.272508979 11.984691620 -0.054800615 0.998429835 -0.011607535 11.054287910 -0.272729814 -0.003784291 0.962083220 92.631423950
0.960056543 0.055051416 0.274337202 12.110679626 -0.053873897 0.998477757 -0.011830802 11.100618362 -0.274570882 -0.003421374 0.961560845 93.049156189
0.959515393 0.054282054 0.276375711 12.237423897 -0.053248271 0.998517931 -0.011249403 11.153987885 -0.276576787 -0.003922553 0.960983872 93.469612122
0.958878100 0.053678714 0.278695554 12.357121468 -0.052882444 0.998546779 -0.010380100 11.198917389 -0.278847754 -0.004784850 0.960323453 93.888755798
0.958370805 0.053497091 0.280470103 12.490335464 -0.052702248 0.998556256 -0.010381020 11.252876282 -0.280620575 -0.004832537 0.959806621 94.319793701
0.957737088 0.052706599 0.282774687 12.603158951 -0.051995832 0.998596966 -0.010023204 11.294908524 -0.282906234 -0.005103514 0.959134042 94.716659546
0.957249343 0.051212408 0.284694552 12.722050667 -0.050846308 0.998668790 -0.008681722 11.324598312 -0.284760147 -0.006165097 0.958579063 95.116638184
0.956582248 0.053604830 0.286490500 12.838401794 -0.053045303 0.998544753 -0.009719802 11.383028030 -0.286594599 -0.005899185 0.958033860 95.494178772
0.956199229 0.051103696 0.288221210 12.976123810 -0.050443575 0.998679638 -0.009722081 11.428784370 -0.288337469 -0.005242662 0.957514524 95.947723389
0.955582440 0.053001028 0.289919049 13.083348274 -0.052275762 0.998580039 -0.010251042 11.462106705 -0.290050745 -0.005360021 0.956996202 96.312988281
0.954897821 0.052333385 0.292286277 13.202471733 -0.051626522 0.998614967 -0.010136797 11.506738663 -0.292411983 -0.005410114 0.956277132 96.702262878
0.953965604 0.051893581 0.295392603 13.441736221 -0.051736031 0.998625875 -0.008354601 11.597839355 -0.295420289 -0.007312435 0.955339372 97.478034973
0.953472257 0.052308064 0.296908051 13.571673393 -0.052355587 0.998598039 -0.007797462 11.647768021 -0.296899736 -0.008110130 0.954874218 97.890739441
0.953097045 0.051530860 0.298245728 13.693878174 -0.051469661 0.998642027 -0.008064789 11.694337845 -0.298256278 -0.007664078 0.954455018 98.273674011
0.952669263 0.051300690 0.299648762 13.820895195 -0.051444076 0.998648286 -0.007415866 11.729376793 -0.299624205 -0.008350286 0.954020739 98.670272827
0.952162623 0.050058559 0.301463902 13.960188866 -0.050139692 0.998714268 -0.007473704 11.771198273 -0.301450372 -0.007999123 0.953448296 99.101760864
0.951717198 0.050881259 0.302730024 14.082331657 -0.050563529 0.998681247 -0.008892330 11.815513611 -0.302783251 -0.006844113 0.953034878 99.503570557
0.951307833 0.051509865 0.303908080 14.189834595 -0.050592240 0.998659909 -0.010898188 11.852521896 -0.304062188 -0.005007853 0.952639103 99.831588745
0.950709164 0.052878112 0.305542201 14.312051773 -0.051502846 0.998593748 -0.012566296 11.878357887 -0.305777103 -0.003789398 0.952095628 100.246810913
0.950308561 0.051452823 0.307028413 14.424739838 -0.049531862 0.998673618 -0.014050970 11.930809975 -0.307344079 -0.001854930 0.951596618 100.577804565
0.949730933 0.051724594 0.308764815 14.542377472 -0.049822822 0.998659313 -0.014046232 11.970992088 -0.309077412 -0.002043395 0.951034665 100.946960449
0.949368179 0.051424436 0.309928179 14.667568207 -0.049357582 0.998675704 -0.014512456 12.014872551 -0.310264021 -0.001519643 0.950649202 101.317794800
0.949073970 0.050954580 0.310905367 14.792997360 -0.048773907 0.998700202 -0.014790080 12.058552742 -0.311254919 -0.001127190 0.950325787 101.692672729
0.948600769 0.050014965 0.312497944 14.906875610 -0.048169777 0.998746157 -0.013626848 12.089961052 -0.312787682 -0.002126521 0.949820697 102.043693542
0.948146880 0.049822778 0.313903153 15.031967163 -0.048193138 0.998753965 -0.012954745 12.136022568 -0.314157575 -0.002844980 0.949366629 102.419189453
0.947579503 0.049658705 0.315637410 15.150711060 -0.048241969 0.998759806 -0.012305342 12.177016258 -0.315857112 -0.003566683 0.948800087 102.784416199
0.947128415 0.048942957 0.317099780 15.272068024 -0.047685612 0.998793483 -0.011729779 12.214985847 -0.317291319 -0.004011494 0.948319674 103.153686523
0.946482360 0.050738767 0.318742216 15.390766144 -0.049651939 0.998699903 -0.011539471 12.249201775 -0.318913311 -0.004904266 0.947771192 103.539810181
0.946025968 0.050435375 0.320142210 15.508913040 -0.049325809 0.998715639 -0.011579534 12.293000221 -0.320315033 -0.004836738 0.947298765 103.894531250
0.945552468 0.051836058 0.321315348 15.632608414 -0.050642151 0.998643756 -0.012078318 12.342012405 -0.321505666 -0.004851419 0.946895182 104.250152588
0.945028603 0.052382693 0.322764754 15.759731293 -0.050927848 0.998618364 -0.012956889 12.374949455 -0.322997421 -0.004193084 0.946390510 104.614151001
0.944330037 0.053157568 0.324676812 15.875743866 -0.051439103 0.998579621 -0.013880167 12.412471771 -0.324953437 -0.003593623 0.945723116 104.960540771
0.943744242 0.053390607 0.326337844 15.996669769 -0.051435497 0.998569250 -0.014623711 12.452207565 -0.326651663 -0.002984304 0.945140064 105.313003540
0.943299592 0.053349234 0.327627450 16.124193192 -0.051213853 0.998572886 -0.015148545 12.494464874 -0.327968031 -0.002489447 0.944685519 105.674133301
0.942911863 0.054265317 0.328591704 16.259201050 -0.052109491 0.998523057 -0.015370173 12.535321236 -0.328940392 -0.002630024 0.944347024 106.043785095
0.942371190 0.054396305 0.330117732 16.383163452 -0.052203268 0.998516023 -0.015511820 12.576652527 -0.330471635 -0.002615331 0.943812251 106.415100098
0.941819787 0.054689065 0.331639260 16.515588760 -0.052412398 0.998500347 -0.015812391 12.621388435 -0.332006603 -0.002489584 0.943273664 106.787193298
0.941262245 0.054553490 0.333240658 16.639709473 -0.052372232 0.998506784 -0.015532378 12.669479370 -0.333590388 -0.002832513 0.942713797 107.146690369
0.941028416 0.054880828 0.333846897 16.777441025 -0.053001788 0.998485625 -0.014741876 12.716216087 -0.334150314 -0.003821954 0.942511976 107.482231140
0.940575123 0.054095749 0.335249335 16.917095184 -0.052509673 0.998525023 -0.013800677 12.750179291 -0.335501373 -0.004623257 0.942028344 107.839508057
0.939912200 0.053129118 0.337257057 17.008691788 -0.051694293 0.998575151 -0.013240104 12.778165817 -0.337479889 -0.004989727 0.941319466 108.157585144
0.939546943 0.052572068 0.338360310 17.158866882 -0.051211521 0.998603761 -0.012953735 12.826295853 -0.338568807 -0.005157300 0.940927505 108.532745361
0.938832581 0.052917864 0.340283632 17.267368317 -0.052146930 0.998574197 -0.011417437 12.833678246 -0.340402633 -0.007025682 0.940253556 108.860511780
0.937648416 0.053207800 0.343488634 17.512857437 -0.053196546 0.998539269 -0.009462990 12.904531479 -0.343490392 -0.009399448 0.939109206 109.528511047
0.937028468 0.054954354 0.344902098 17.648452759 -0.054972414 0.998440444 -0.009735879 12.964455605 -0.344899207 -0.009837302 0.938588202 109.932708740
0.936702251 0.055014610 0.345777899 17.766197205 -0.055280305 0.998429477 -0.009101253 12.987585068 -0.345735520 -0.010589540 0.938272297 110.252075195
0.936294615 0.055695202 0.346771359 17.886846542 -0.056305796 0.998378873 -0.008322781 13.012644768 -0.346672714 -0.011732658 0.937912762 110.573074341
0.935633540 0.057653908 0.348232716 18.142765045 -0.058368776 0.998259425 -0.008447712 13.097563744 -0.348113507 -0.012421949 0.937370121 111.282463074
0.935407519 0.057715967 0.348828882 18.283861160 -0.058115549 0.998266399 -0.009328851 13.152444839 -0.348762482 -0.011546102 0.937140048 111.671653748
0.935247958 0.058656648 0.349099755 18.433124542 -0.058757309 0.998219132 -0.010310896 13.204294205 -0.349082798 -0.010868916 0.937028885 112.058738708
0.935027659 0.059586987 0.349531949 18.532598495 -0.059703920 0.998161554 -0.010450006 13.213027954 -0.349511951 -0.011097379 0.936866224 112.316986084
0.934788644 0.061088808 0.349912018 18.646522522 -0.061107937 0.998070717 -0.010996861 13.257448196 -0.349908620 -0.011102658 0.936718166 112.618713379
0.934561372 0.063030019 0.350174636 18.765680313 -0.063030399 0.997946441 -0.011408043 13.309568405 -0.350174516 -0.011410126 0.936614990 112.936347961
0.934260309 0.064735934 0.350666523 18.875637054 -0.064986378 0.997824848 -0.011067275 13.335581779 -0.350620210 -0.012448829 0.936434984 113.273017883
0.934315979 0.063907370 0.350670040 19.013418198 -0.063857742 0.997890234 -0.011718218 13.377117157 -0.350679040 -0.011444475 0.936425805 113.637008667
0.934194446 0.063812196 0.351010829 19.140151978 -0.063519605 0.997904062 -0.012360804 13.403814316 -0.351063877 -0.010748672 0.936289907 113.985466003
0.933955848 0.063446216 0.351711690 19.246465683 -0.062818848 0.997937560 -0.013207780 13.453056335 -0.351824224 -0.009758636 0.936015248 114.309379578
0.933991730 0.064861603 0.351358026 19.387683868 -0.063817203 0.997855306 -0.014565673 13.500733376 -0.351549178 -0.008818463 0.936127961 114.639495850
0.933758795 0.066129491 0.351740509 19.511796951 -0.065069616 0.997770309 -0.014848188 13.523484230 -0.351938069 -0.009022989 0.935979784 114.949615479
0.933260500 0.068713576 0.352567017 19.624803543 -0.067508236 0.997594774 -0.015729070 13.558860779 -0.352799773 -0.009121849 0.935654461 115.273765564
0.932870567 0.070793405 0.353186518 19.737812042 -0.069690563 0.997442544 -0.015855875 13.587673187 -0.353405774 -0.009822288 0.935418606 115.603302002
0.932676315 0.072822906 0.353286952 19.859079361 -0.071555585 0.997297466 -0.016666021 13.628381729 -0.353545815 -0.009735649 0.935366511 115.942222595
0.932840526 0.073743105 0.352662057 19.986730576 -0.072334751 0.997232199 -0.017189881 13.659607887 -0.352953613 -0.009474297 0.935592890 116.277534485
0.933168054 0.074195065 0.351699442 20.108217239 -0.072480537 0.997206330 -0.018058771 13.694385529 -0.352056742 -0.008639492 0.935938835 116.584228516
0.933356225 0.073396698 0.351367295 20.241085052 -0.071266934 0.997276127 -0.019009521 13.731646538 -0.351805419 -0.007298214 0.936044693 116.906005859
0.933612287 0.071758576 0.351025343 20.369106293 -0.069230206 0.997404933 -0.019765474 13.752601624 -0.351532727 -0.005848264 0.936157405 117.232200623
0.933751106 0.071545146 0.350699663 20.483226776 -0.068698078 0.997425437 -0.020570427 13.775336266 -0.351268411 -0.004884730 0.936262071 117.514526367
0.933738708 0.072965436 0.350439906 20.602212906 -0.069861002 0.997324884 -0.021510970 13.816387177 -0.351071954 -0.004396457 0.936338186 117.849098206
0.933704257 0.073984593 0.350317925 20.710638046 -0.070784040 0.997250259 -0.021950826 13.839420319 -0.350978673 -0.004301340 0.936373532 118.147132874
0.933684826 0.075573146 0.350030363 20.832103729 -0.072480373 0.997128308 -0.021947531 13.869778633 -0.350683808 -0.004878251 0.936481297 118.440567017
0.933827937 0.076376192 0.349473923 20.951251984 -0.073666222 0.997060597 -0.021060517 13.896389008 -0.350055158 -0.006077521 0.936709464 118.793357849
0.934095740 0.075661927 0.348913342 21.072534561 -0.073126361 0.997112930 -0.020453408 13.945602417 -0.349453539 -0.006409318 0.936931729 119.111457825
0.934337974 0.075443245 0.348311514 21.192304611 -0.073387690 0.997120380 -0.019112468 13.984418869 -0.348750412 -0.007704270 0.937183917 119.396942139
0.934531868 0.076122798 0.347642869 21.324274063 -0.074155286 0.997066140 -0.018982086 14.050313950 -0.348067850 -0.008040186 0.937434852 119.752738953
0.934434414 0.075747661 0.347986400 21.418727875 -0.073742151 0.997095883 -0.019025052 14.098368645 -0.348416895 -0.007883599 0.937306523 120.056411743
0.934514761 0.076443441 0.347618163 21.529878616 -0.075037211 0.997026682 -0.017527122 14.103528976 -0.347924441 -0.009704951 0.937472343 120.343383789
