1.000000000 0.000000000 0.000000000 0.000000000 0.000000000 1.000000000 0.000000000 0.000000000 0.000000000 0.000000000 1.000000000 0.000000000
0.999933958 -0.002496545 0.011217611 0.016002610 0.002485304 0.999996424 0.001015921 -0.003827464 -0.011220106 -0.000987974 0.999936581 0.295377403
0.999828100 -0.004490390 0.017989274 0.025104882 0.004469847 0.999989331 0.001182034 -0.008624292 -0.017994389 -0.001101422 0.999837458 0.582354009
0.999778152 -0.007402020 0.019718060 0.039160497 0.007403977 0.999972582 -0.000026282 -0.011957856 -0.019717325 0.000172268 0.999805570 0.886523664
0.999815524 -0.008694635 0.017125534 0.050747477 0.008725926 0.999960363 -0.001753279 -0.010333137 -0.017109610 0.001902392 0.999851823 1.202171683
0.999884248 -0.011416579 0.010057807 0.056310426 0.011451156 0.999928713 -0.003387003 -0.010712167 -0.010018422 0.003501785 0.999943674 1.519860506
0.999911904 -0.013122940 -0.001995953 0.054762330 0.013111598 0.999898314 -0.005593922 -0.010434843 0.002069159 0.005567258 0.999982357 1.852410078
0.999749064 -0.012372957 -0.018671915 0.036364634 0.012265259 0.999907494 -0.005871389 -0.014929086 0.018742835 0.005640899 0.999808431 2.188817739
0.999228120 -0.007753209 -0.038510807 0.009099513 0.007546471 0.999956310 -0.005510785 -0.024436813 0.038551845 0.005215910 0.999242961 2.528754473
0.998301089 -0.004305535 -0.058107492 -0.037403733 0.003894621 0.999966621 -0.007183023 -0.023944832 0.058136474 0.006944512 0.998284578 2.879414320
0.996917605 -0.004150744 -0.078345567 -0.072360575 0.003573750 0.999965429 -0.007503507 -0.029543489 0.078374006 0.007200391 0.996897995 3.242803812
0.995016277 -0.005703995 -0.099548750 -0.121004403 0.005043351 0.999963582 -0.006886781 -0.032650925 0.099584401 0.006350401 0.995008886 3.619323254
0.992790282 -0.007128701 -0.119652443 -0.175314397 0.006421973 0.999959648 -0.006291062 -0.036132824 0.119692460 0.005477301 0.992795885 4.011106491
0.990511537 -0.006313058 -0.137284607 -0.247298717 0.005587464 0.999968410 -0.005670040 -0.041522533 0.137316063 0.004849168 0.990515351 4.402914047
0.988162160 -0.005064211 -0.153329611 -0.320475936 0.004333476 0.999977648 -0.005099609 -0.047889672 0.153351992 0.004374790 0.988161922 4.811276436
0.985956073 -0.004492523 -0.166944608 -0.403714627 0.003683537 0.999979913 -0.005155171 -0.056775764 0.166964412 0.004467826 0.985952795 5.230824471
0.983827412 -0.006010046 -0.179018214 -0.494682848 0.004991926 0.999968708 -0.006137169 -0.062752210 0.179049492 0.005144270 0.983826578 5.660355568
0.982051551 -0.010049637 -0.188344866 -0.581473827 0.008659583 0.999928892 -0.008201807 -0.072854921 0.188413903 0.006423610 0.982068717 6.101956844
0.980456948 -0.009107679 -0.196523085 -0.677586615 0.007286682 0.999923646 -0.009987145 -0.081712365 0.196599051 0.008359966 0.980448425 6.567478657
0.978860021 -0.008958627 -0.204335377 -0.779167175 0.006666384 0.999906957 -0.011903649 -0.086593978 0.204422995 0.010289828 0.978828549 7.037473202
0.977248847 -0.009832608 -0.211867958 -0.895541370 0.006890223 0.999869406 -0.014621655 -0.095727876 0.211984038 0.012829177 0.977188945 7.511108875
0.975579441 -0.012874340 -0.219269082 -1.015546083 0.009529426 0.999821663 -0.016305683 -0.106741533 0.219439909 0.013817981 0.975528181 7.998132706
0.973562777 -0.019415446 -0.227593020 -1.122649193 0.015806356 0.999719024 -0.017669735 -0.117121100 0.227872133 0.013605181 0.973596036 8.513329506
0.971472442 -0.019972395 -0.236310244 -1.251343727 0.015649296 0.999674380 -0.020155845 -0.132073507 0.236635834 0.015882758 0.971468568 9.029976845
0.969461203 -0.015986230 -0.244723111 -1.407705545 0.010232748 0.999640882 -0.024763662 -0.141221195 0.245031133 0.021503223 0.969276667 9.563098907
0.967264116 -0.013061868 -0.253435403 -1.563613296 0.006239574 0.999596655 -0.027704427 -0.159761071 0.253695071 0.025216166 0.966955543 10.102086067
0.964976728 -0.015492314 -0.261877865 -1.719570041 0.008035769 0.999531865 -0.029520374 -0.179632366 0.262212604 0.026382081 0.964649439 10.656780243
0.962486148 -0.018842645 -0.270675719 -1.872175813 0.010716002 0.999447227 -0.031470221 -0.202790141 0.271119118 0.027389094 0.962155998 11.225726128
0.960260272 -0.018427545 -0.278497279 -2.048524380 0.009312664 0.999377787 -0.034016497 -0.224029958 0.278950870 0.030071137 0.959834397 11.800165176
0.957944512 -0.017186634 -0.286438465 -2.239464283 0.006699102 0.999272048 -0.037553474 -0.251300007 0.286875427 0.034055270 0.957362413 12.395653725
0.955643952 -0.018194150 -0.293961853 -2.432072639 0.005975118 0.999082267 -0.042411521 -0.284468055 0.294463754 0.038773857 0.954875708 12.992054939
0.953831136 -0.019943472 -0.299680561 -2.623052359 0.005134667 0.998729825 -0.050121840 -0.317183793 0.300299495 0.046269007 0.952722073 13.597241402
0.952445209 -0.020685924 -0.304006934 -2.828547955 0.003090576 0.998297453 -0.058245704 -0.353369921 0.304694235 0.054536287 0.950887561 14.215349197
0.951107085 -0.020683672 -0.308167905 -3.039833307 -0.000006912 0.997753739 -0.066988744 -0.394020259 0.308861405 0.063715607 0.948970437 14.839767456
0.949941933 -0.019578448 -0.311812311 -3.266335011 -0.004282995 0.997124672 -0.075656898 -0.445553601 0.312396973 0.073205143 0.947126746 15.475557327
0.948733091 -0.019020356 -0.315505415 -3.500195026 -0.007461805 0.996561766 -0.082515948 -0.499794602 0.315990061 0.080639847 0.945329249 16.121067047
0.946961105 -0.017257363 -0.320884407 -3.729839087 -0.012072367 0.995941579 -0.089189090 -0.559141099 0.321121275 0.088332437 0.942909598 16.783983231
0.945433974 -0.016081940 -0.325416505 -3.976098776 -0.015777946 0.995349407 -0.095029473 -0.628334880 0.325431347 0.094978496 0.940783441 17.442646027
0.943778515 -0.014841384 -0.330245316 -4.231682301 -0.019476825 0.994759977 -0.100366063 -0.699679375 0.330004334 0.101155460 0.938543856 18.122871399
0.942023993 -0.011555584 -0.335346431 -4.486172676 -0.024541920 0.994357407 -0.103205062 -0.777654171 0.334646761 0.105451711 0.936424851 18.810974121
0.940364063 -0.010549086 -0.340005964 -4.760062218 -0.026737377 0.994134665 -0.104792498 -0.853483319 0.339117140 0.107633993 0.934566498 19.508552551
0.938002527 -0.010027003 -0.346483082 -5.025638103 -0.027770881 0.994194448 -0.103952974 -0.933964849 0.345513880 0.107130311 0.932278574 20.219966888
0.935749829 -0.009948460 -0.352524102 -5.295459747 -0.027867628 0.994390368 -0.102035001 -1.019439220 0.351561636 0.105303243 0.930223346 20.917390823
0.933323979 -0.010357236 -0.358885795 -5.585758209 -0.027480530 0.994590759 -0.100169614 -1.101073623 0.357981980 0.103353068 0.927990794 21.633411407
0.930070460 -0.008922998 -0.367272884 -5.872565269 -0.028868651 0.994838774 -0.097275943 -1.180617690 0.366245270 0.101076178 0.925012469 22.343284607
0.926723182 -0.007142829 -0.375676930 -6.183941841 -0.029511243 0.995347083 -0.091723330 -1.256448865 0.374584168 0.096088834 0.922200501 23.083091736
0.923268020 -0.003604711 -0.384139597 -6.510339737 -0.032071177 0.995741904 -0.086426057 -1.338395834 0.382815391 0.092114195 0.919221044 23.829900742
0.919605136 0.000179449 -0.392844200 -6.839846611 -0.035344210 0.995982170 -0.082281962 -1.414569855 0.391251028 0.089551665 0.915916562 24.580633163
0.915861428 0.001638753 -0.401491433 -7.187537193 -0.037164714 0.996044278 -0.080712706 -1.486124516 0.399771035 0.088842936 0.912299395 25.331769943
0.911941588 0.001337720 -0.410317838 -7.533020496 -0.037413824 0.996100008 -0.079905629 -1.559652805 0.408610791 0.088220835 0.908435106 26.063140869
0.908075094 0.001625150 -0.418803990 -7.897805214 -0.038075745 0.996171534 -0.078692451 -1.629138470 0.417072743 0.087404944 0.904660523 26.835655212
0.904070318 0.002144591 -0.427378476 -8.287814140 -0.038744465 0.996281087 -0.076960132 -1.698771715 0.425624043 0.086135916 0.900791228 27.631052017
0.900248528 0.001521433 -0.435373574 -8.646261215 -0.037756719 0.996499300 -0.074589588 -1.773076415 0.433736026 0.083587438 0.897154510 28.372760773
0.896549761 0.001753564 -0.442939460 -9.046395302 -0.036794748 0.996830821 -0.070529550 -1.841272116 0.441412061 0.079531103 0.893773019 29.165077209
0.892700374 0.004224011 -0.450630903 -9.458513260 -0.037418079 0.997197926 -0.064777963 -1.907037020 0.449094653 0.074689053 0.890357018 29.952468872
0.888982952 0.004646605 -0.457916737 -9.882085800 -0.036271743 0.997521281 -0.060294531 -1.974697709 0.456501603 0.070210241 0.886948049 30.757080078
0.885496557 0.003088354 -0.464635670 -10.321660995 -0.034238949 0.997692943 -0.058620635 -2.031913042 0.463382751 0.067817010 0.883559465 31.560808182
0.881812036 0.002794181 -0.471592814 -10.745136261 -0.033967696 0.997761548 -0.057603084 -2.094144106 0.470376223 0.066814020 0.879933000 32.386737823
0.878696859 0.003484061 -0.477367550 -11.204713821 -0.034184262 0.997865498 -0.055640511 -2.152290106 0.476154804 0.065209605 0.876940310 33.214641571
0.875595272 0.001263371 -0.483044058 -11.657536507 -0.031370621 0.998034358 -0.054253999 -2.206266880 0.482026041 0.062657937 0.873913586 34.039207458
0.873115063 0.000528857 -0.487513900 -12.164964676 -0.030788628 0.998063028 -0.054058313 -2.269438267 0.486541063 0.062209014 0.871440113 34.893432617
0.870721459 -0.001297012 -0.491774827 -12.617723465 -0.029394282 0.998071373 -0.054676954 -2.321636438 0.490897208 0.062063761 0.869004011 35.727981567
0.869297564 -0.000971900 -0.494288176 -13.118287086 -0.030227756 0.998021960 -0.055123493 -2.379723549 0.493363976 0.062859938 0.867548585 36.595916748
0.868896365 -0.000783977 -0.494993389 -13.619675636 -0.029986057 0.998078823 -0.054217387 -2.440084934 0.494084984 0.061952192 0.867203534 37.447700500
0.868716896 -0.000480554 -0.495308638 -14.127696991 -0.029594393 0.998162568 -0.052873749 -2.496773958 0.494423985 0.060590677 0.867106497 38.332195282
0.868451595 -0.001571706 -0.495771497 -14.644422531 -0.027949190 0.998249471 -0.052123763 -2.562610865 0.494985551 0.059123378 0.866887391 39.212238312
0.867724657 -0.003918154 -0.497029781 -15.166072845 -0.025637150 0.998285115 -0.052627474 -2.625380993 0.496383607 0.058408581 0.866136134 40.121009827
0.866620779 -0.006610489 -0.498923451 -15.698999405 -0.022900222 0.998331785 -0.053004660 -2.689404488 0.498441488 0.057360407 0.865023613 41.038970947
0.864946425 -0.006881610 -0.501816988 -16.240415573 -0.021843085 0.998442352 -0.051341400 -2.745908737 0.501388609 0.055368796 0.863448739 41.976799011
0.862907648 -0.006044578 -0.505325556 -16.786264420 -0.020721126 0.998664498 -0.047329731 -2.809272289 0.504936695 0.051312108 0.861629844 42.889331818
0.860186994 -0.005959028 -0.509944081 -17.334197998 -0.018914744 0.998870969 -0.043578345 -2.867196560 0.509627998 0.047130987 0.859103024 43.804401398
0.856113911 -0.006331107 -0.516748428 -17.904953003 -0.017434103 0.999001980 -0.041123230 -2.937010050 0.516493022 0.044215221 0.855149090 44.731826782
0.850914538 -0.009596718 -0.525216520 -18.470712662 -0.015707942 0.998921216 -0.043700989 -2.992840767 0.525069177 0.045435883 0.849845827 45.636528015
0.844752014 -0.013572469 -0.534985781 -19.040267944 -0.013651273 0.998806536 -0.046895109 -3.051025629 0.534983695 0.046917971 0.843558609 46.541931152
0.838828027 -0.013433381 -0.544230878 -19.627162933 -0.013908915 0.998840392 -0.046092559 -3.110691547 0.544218898 0.046233386 0.837668359 47.421867371
0.832883954 -0.010046842 -0.553356409 -20.219509125 -0.015100432 0.999050438 -0.040867347 -3.173904657 0.553241611 0.042393681 0.831941366 48.307228088
0.827754974 -0.005324286 -0.561064363 -20.827749252 -0.018396761 0.999159753 -0.036622938 -3.228898048 0.560787916 0.040636588 0.826961637 49.186290741
0.823770761 -0.005220880 -0.566898763 -21.443771362 -0.019690698 0.999090672 -0.037814081 -3.284102201 0.566580832 0.042312764 0.822919130 50.053024292
0.820061147 -0.008278079 -0.572215974 -22.055797577 -0.019147769 0.998938620 -0.041892633 -3.345499992 0.571955442 0.045311179 0.819032192 50.945213318
0.817025363 -0.010514814 -0.576505721 -22.681613922 -0.021820916 0.998553693 -0.049137142 -3.399314880 0.576188564 0.052726183 0.815614223 51.816947937
0.813905656 -0.011150149 -0.580890119 -23.316511154 -0.022470428 0.998463690 -0.050649557 -3.461137772 0.580562413 0.054276809 0.812404633 52.691242218
0.810640097 -0.009643005 -0.585465312 -23.953723907 -0.021659471 0.998686314 -0.046438914 -3.526566267 0.585143983 0.050326116 0.809366226 53.554542542
0.807620764 -0.007072938 -0.589659810 -24.590171814 -0.021533651 0.998907506 -0.041475162 -3.584354639 0.589308977 0.046193730 0.806586087 54.407379150
0.804627001 -0.004431290 -0.593764067 -25.243721008 -0.023084037 0.998982728 -0.038737323 -3.633675098 0.593331695 0.044875562 0.803706229 55.281383514
0.801321328 -0.004336726 -0.598218560 -25.895040512 -0.024172092 0.998922408 -0.039620407 -3.681534767 0.597745717 0.046208858 0.800352931 56.146171570
0.797755122 -0.005959965 -0.602952123 -26.553169250 -0.023510348 0.998883307 -0.040979724 -3.739089012 0.602523088 0.046867400 0.796724141 57.014133453
0.793667376 -0.008731688 -0.608289301 -27.201694489 -0.022442367 0.998796165 -0.043618962 -3.798483133 0.607937872 0.048270397 0.792515934 57.854774475
0.789660037 -0.009927179 -0.613464296 -27.875465393 -0.021628099 0.998797297 -0.044002693 -3.857052803 0.613163233 0.048015237 0.788495600 58.705551147
0.784905314 -0.009832609 -0.619537771 -28.547044754 -0.021251822 0.998858571 -0.042777136 -3.920783997 0.619251192 0.046742301 0.783800423 59.555305481
0.779904068 -0.009801780 -0.625822186 -29.233421326 -0.021126051 0.998895347 -0.041972384 -3.981121063 0.625542283 0.045955591 0.778835595 60.398582458
0.774720252 -0.010921557 -0.632209837 -29.908750534 -0.020998379 0.998854876 -0.042987194 -4.034179688 0.631955385 0.046578426 0.773603797 61.211051941
0.769509077 -0.012305992 -0.638517320 -30.612400055 -0.020463726 0.998825788 -0.043911994 -4.092848778 0.638307869 0.046857115 0.768353641 62.047542572
0.763743281 -0.013344689 -0.645382047 -31.313030243 -0.020072604 0.998811841 -0.044406496 -4.157490253 0.645207822 0.046869665 0.762568116 62.879589081
0.758088827 -0.015751153 -0.651961088 -32.038803101 -0.018238183 0.998805344 -0.045337815 -4.222820282 0.651896238 0.046260688 0.756895781 63.712360382
0.751895666 -0.017561844 -0.659048319 -32.767498016 -0.017431054 0.998766184 -0.046501156 -4.282658100 0.659051716 0.046451919 0.750661731 64.543838501
0.745809078 -0.018799145 -0.665894389 -33.519901276 -0.016302779 0.998787284 -0.046456479 -4.351222515 0.665960193 0.045503594 0.744598150 65.364448547
0.739474773 -0.018748771 -0.672923148 -34.275882721 -0.015329214 0.998883903 -0.044675857 -4.414201736 0.673009694 0.043352053 0.738362014 66.190513611
0.733054101 -0.019029820 -0.679904103 -35.045097351 -0.015009766 0.998912513 -0.044141661 -4.470007896 0.680004716 0.042563427 0.731971264 67.008537292
0.726432800 -0.020723689 -0.686924934 -35.800556183 -0.013676616 0.998911381 -0.044599153 -4.536005497 0.687101305 0.041793101 0.725358605 67.808921814
0.719785333 -0.023000957 -0.693815589 -36.588958740 -0.012826961 0.998839796 -0.046420004 -4.596725941 0.694078207 0.042311989 0.718655050 68.631675720
0.713963568 -0.022327324 -0.699826837 -37.392559052 -0.014287780 0.998818755 -0.046442781 -4.655452728 0.700037062 0.043157429 0.712801099 69.430458069
0.708486378 -0.021477772 -0.705397666 -38.212760925 -0.014686457 0.998871624 -0.045164157 -4.722929955 0.705571651 0.042357989 0.707371414 70.240829468
0.703404129 -0.021374810 -0.710468709 -39.026901245 -0.015198773 0.998866916 -0.045099046 -4.781952381 0.710627735 0.042521112 0.702282131 71.041969299
0.698505878 -0.021963594 -0.715267181 -39.852592468 -0.016016643 0.998798728 -0.046311267 -4.842194557 0.715425014 0.043804873 0.697314978 71.837074280
0.693444908 -0.023977248 -0.720110595 -40.700271606 -0.016480373 0.998656809 -0.049121998 -4.914825439 0.720321178 0.045931086 0.692118347 72.638938904
0.688806117 -0.026982585 -0.724443316 -41.548221588 -0.015123381 0.998554826 -0.051571563 -4.980103016 0.724787831 0.046478845 0.687402606 73.425643921
0.683421254 -0.027116397 -0.729520440 -42.402175903 -0.015865467 0.998522162 -0.051978145 -5.053187370 0.729851842 0.047097150 0.681981027 74.226097107
0.678437114 -0.026488803 -0.734180748 -43.280117035 -0.016297219 0.998561144 -0.051087327 -5.117398739 0.734477580 0.046624638 0.677029312 75.028274536
0.673639178 -0.026678354 -0.738578677 -44.158756256 -0.015477864 0.998619795 -0.050188325 -5.185889244 0.738898218 0.045240443 0.672296524 75.812896729
0.668109775 -0.028104305 -0.743531764 -45.042144775 -0.014817706 0.998585701 -0.051059570 -5.253159046 0.743915141 0.045130834 0.666748405 76.610031128
0.663325667 -0.029247623 -0.747759044 -45.917251587 -0.013679191 0.998595059 -0.051193345 -5.321927071 0.748205781 0.044186600 0.661993623 77.383964539
0.659141064 -0.029746814 -0.751430750 -46.828433990 -0.013001423 0.998617232 -0.050936755 -5.397184849 0.751906931 0.043344181 0.657842875 78.161697388
0.654870093 -0.030403553 -0.755129814 -47.724269867 -0.011552650 0.998670995 -0.050227962 -5.474292755 0.755653322 0.041616537 0.653648376 78.940582275
0.651174426 -0.033785868 -0.758175731 -48.649921417 -0.008464958 0.998623133 -0.051771004 -5.545495987 0.758880913 0.040129874 0.649991810 79.725997925
0.646926463 -0.038161352 -0.761597037 -49.556278229 -0.006184535 0.998451591 -0.055282794 -5.614408016 0.762527406 0.040474020 0.645688713 80.487396240
0.642363429 -0.042658146 -0.765211880 -50.478752136 -0.001627285 0.998371542 -0.057022091 -5.686903000 0.766398311 0.037874132 0.641247988 81.255264282
0.635322988 -0.045803942 -0.770886958 -51.408515930 0.003346816 0.998393357 -0.056563471 -5.767821312 0.772239268 0.033356052 0.634455562 82.033958435
0.627250254 -0.049883481 -0.777218640 -52.344703674 0.008067934 0.998309314 -0.057562351 -5.845662117 0.778775990 0.029835448 0.626592219 82.785667419
0.618282497 -0.050782491 -0.784313679 -53.296234131 0.010667319 0.998360693 -0.056232382 -5.925640583 0.785883605 0.026400968 0.617810667 83.526504517
0.609615505 -0.049100175 -0.791175067 -54.265731812 0.011117797 0.998511255 -0.053400945 -6.006613731 0.792619288 0.023757922 0.609253943 84.264320374
0.600825250 -0.049326964 -0.797857046 -55.246158600 0.010970810 0.998509169 -0.053470578 -6.081757545 0.799305141 0.023373337 0.600470662 84.995544434
0.591422856 -0.050737862 -0.804763615 -56.226547241 0.010558719 0.998420119 -0.055187676 -6.161408901 0.806292355 0.024141986 0.591024339 85.693885803
0.581492662 -0.052938387 -0.811827421 -57.251731873 0.010838799 0.998296142 -0.057334244 -6.241992474 0.813479424 0.024540201 0.581075728 86.418670654
0.571898878 -0.054741193 -0.818495691 -58.280456543 0.011334930 0.998203099 -0.058840133 -6.319517612 0.820245862 0.024373012 0.571491659 87.128509521
0.561263084 -0.055105526 -0.825800836 -59.311447144 0.014217224 0.998275578 -0.056951869 -6.412402630 0.827515244 0.020224387 0.561078787 87.849967957
0.551477373 -0.055425998 -0.832346439 -60.339904785 0.015423241 0.998297155 -0.056257874 -6.488306046 0.834047139 0.018187471 0.551393211 88.509979248
0.541533351 -0.056280721 -0.838793337 -61.397315979 0.015690224 0.998259425 -0.056850694 -6.568686962 0.840532780 0.017625697 0.541473866 89.176078796
0.531051040 -0.056854531 -0.845430255 -62.471122742 0.015500331 0.998231232 -0.057393856 -6.663231373 0.847198009 0.017374622 0.530993044 89.842849731
0.520393550 -0.057901789 -0.851961195 -63.541107178 0.014628970 0.998156548 -0.058902014 -6.742151260 0.853801250 0.018188912 0.520281255 90.514739990
0.510449827 -0.058835220 -0.857892394 -64.625350952 0.014102221 0.998095095 -0.060059588 -6.831308365 0.859791994 0.018559216 0.510307193 91.156021118
0.500476420 -0.058719162 -0.863756716 -65.709953308 0.012861009 0.998091400 -0.060399499 -6.920470715 0.865654707 0.019119736 0.500276327 91.786407471
0.492173374 -0.056636255 -0.868652821 -66.848533630 0.012177753 0.998231530 -0.058184963 -7.009153366 0.870411992 0.018058851 0.491992742 92.416030884
0.484111488 -0.055439834 -0.873248219 -67.964179993 0.012783019 0.998332322 -0.056294389 -7.090713024 0.874912977 0.016090013 0.484012932 93.032783508
0.476575047 -0.055353060 -0.877389491 -69.073974609 0.012433449 0.998340368 -0.056230124 -7.179302216 0.879045904 0.015888896 0.476472318 93.630378723
0.468819082 -0.058288492 -0.881368876 -70.170867920 0.014418319 0.998192310 -0.058345102 -7.267660141 0.883176565 0.014645434 0.468812019 94.219970703
0.461643577 -0.061890680 -0.884903848 -71.309226990 0.017157495 0.997999489 -0.060849808 -7.353651524 0.886899650 0.012908181 0.461781919 94.813880920
0.455579489 -0.064600058 -0.887848020 -72.441276550 0.018510321 0.997835219 -0.063104615 -7.452998161 0.890002608 0.012314812 0.455789059 95.396423340
0.449795991 -0.068388686 -0.890509069 -73.580520630 0.020755427 0.997595131 -0.066129051 -7.549098969 0.892890036 0.011261684 0.450133801 95.976196289
0.444816262 -0.069350548 -0.892932773 -74.727966309 0.023431446 0.997557461 -0.065803908 -7.647607327 0.895315230 0.008347945 0.445354760 96.552139282
0.440700799 -0.066276178 -0.895204008 -75.856903076 0.025209639 0.997791111 -0.061460696 -7.761230946 0.897300005 0.004518009 0.441398203 97.118652344
0.436565906 -0.064637184 -0.897347331 -76.996826172 0.028667957 0.997908831 -0.057933588 -7.854870319 0.899215460 -0.000433280 0.437505931 97.679603577
0.433912665 -0.063978299 -0.898680449 -78.124465942 0.029689061 0.997949064 -0.056710511 -7.943023682 0.900465667 -0.002073572 0.434922218 98.208297729
0.430317044 -0.063669279 -0.900429606 -79.278938293 0.032329004 0.997956455 -0.055115305 -8.044438362 0.902098715 -0.005392929 0.431496114 98.776687622
0.428097188 -0.062995613 -0.901534498 -80.411849976 0.033479910 0.997988284 -0.053837363 -8.125383377 0.903112411 -0.007135674 0.429345071 99.310317993
0.426129848 -0.062306788 -0.902513802 -81.560379028 0.036016520 0.998002887 -0.051893555 -8.209281921 0.903944790 -0.010392013 0.427522928 99.841171265
0.423472494 -0.063369483 -0.903689861 -82.733680725 0.037844371 0.997917056 -0.052242968 -8.293800354 0.905118167 -0.012076113 0.424988568 100.370071411
0.421439856 -0.064129487 -0.904586017 -83.850318909 0.039705124 0.997844756 -0.052242640 -8.368242264 0.905986786 -0.013899567 0.423077762 100.883010864
0.419039398 -0.063056901 -0.905775845 -84.958351135 0.043511424 0.997834027 -0.049335960 -8.451941490 0.906924903 -0.018737888 0.420875400 101.408676147
0.417157710 -0.062491570 -0.906683147 -86.054901123 0.045339193 0.997822046 -0.047912944 -8.525707245 0.907702506 -0.021121033 0.419082463 101.909957886
0.415090173 -0.064443566 -0.907495022 -87.156990051 0.048564292 0.997635484 -0.048631255 -8.598478317 0.908483148 -0.023885496 0.417238325 102.417861938
0.413739145 -0.065781400 -0.908015788 -88.235961914 0.049740255 0.997529745 -0.049602002 -8.674058914 0.909035623 -0.024642654 0.415989041 102.911010742
0.412598163 -0.067082077 -0.908439815 -89.302627563 0.050250027 0.997442305 -0.050831582 -8.756115913 0.909526110 -0.024676112 0.414913714 103.413162231
0.413915753 -0.067465194 -0.907811761 -90.387062073 0.048941601 0.997456968 -0.051812429 -8.836264610 0.908998609 -0.022983786 0.416164964 103.880706787
0.416202158 -0.067449830 -0.906766951 -91.431861877 0.047219798 0.997502565 -0.052525520 -8.912675858 0.908045173 -0.020956116 0.418347716 104.357604980
0.420586973 -0.067241915 -0.904756904 -92.463882446 0.044759948 0.997573137 -0.053332869 -8.994769096 0.906147480 -0.018065756 0.422576010 104.826087952
0.425173372 -0.069032647 -0.902475536 -93.471801758 0.044894733 0.997468352 -0.055148114 -9.062479973 0.903997838 -0.017068891 0.427196205 105.309890747
0.430265814 -0.069094308 -0.900054038 -94.481918335 0.044364758 0.997480035 -0.055365056 -9.137477875 0.901611388 -0.016108988 0.432246953 105.802871704
0.437687904 -0.067664519 -0.896577299 -95.482925415 0.043632571 0.997587860 -0.053987380 -9.223140717 0.898067653 -0.015490352 0.439584464 106.279312134
0.446217805 -0.066316694 -0.892463923 -96.493942261 0.042182621 0.997700810 -0.053045928 -9.301042557 0.893929720 -0.013976426 0.447989225 106.770156860
0.455012113 -0.065347739 -0.888084352 -97.472480774 0.041406576 0.997777641 -0.052204534 -9.376858711 0.889521956 -0.013018832 0.456706762 107.273056030
0.464541823 -0.065676920 -0.883112311 -98.481163025 0.041063495 0.997770846 -0.052603498 -9.442394257 0.884598494 -0.011827156 0.466203243 107.789581299
0.474232614 -0.065636829 -0.877949417 -99.451942444 0.039548084 0.997798562 -0.053234663 -9.525852203 0.879510820 -0.009475604 0.475784451 108.313461304
0.484076887 -0.067748427 -0.872398794 -100.412429810 0.038514838 0.997681618 -0.056106478 -9.593329430 0.874177396 -0.006440449 0.485563993 108.846435547
0.495988846 -0.068921342 -0.865589261 -101.372444153 0.036999386 0.997617126 -0.058232963 -9.664302826 0.867540359 -0.003143369 0.497357011 109.381652832
0.508280516 -0.067191154 -0.858566344 -102.314437866 0.034621771 0.997740030 -0.057586379 -9.740951538 0.860495329 -0.000455059 0.509458065 109.938217163
0.520587742 -0.064311042 -0.851382554 -103.237854004 0.032740582 0.997929394 -0.055361159 -9.820378304 0.853180170 0.000945578 0.521615386 110.497222900
0.532747030 -0.061924405 -0.844005823 -104.148330688 0.032008812 0.998080075 -0.053024407 -9.897616386 0.845668972 0.001232973 0.533706307 111.072814941
0.544776499 -0.061647225 -0.836312294 -105.048873901 0.032525528 0.998097062 -0.052385662 -9.966482162 0.837950289 0.001336983 0.545744956 111.652427673
0.556028903 -0.061327424 -0.828897238 -105.924758911 0.032632973 0.998115957 -0.051956978 -10.054231644 0.830522120 0.001840191 0.556982577 112.241134644
0.567569077 -0.062954426 -0.820915401 -106.805969238 0.032455444 0.998008192 -0.054096103 -10.113647461 0.822685897 0.004060099 0.568481803 112.832855225
0.577317476 -0.064973652 -0.813930631 -107.646682739 0.035134453 0.997882426 -0.054737281 -10.187625885 0.815763652 0.003003778 0.578377724 113.456321716
0.589411259 -0.063263342 -0.805352211 -108.500793457 0.035143357 0.997993112 -0.052675694 -10.281333923 0.807068348 0.002744867 0.590451658 114.055557251
0.600280464 -0.061245799 -0.797441185 -109.333366394 0.034244865 0.998117507 -0.050880209 -10.347501755 0.799056172 0.003234127 0.601247728 114.672149658
0.610076785 -0.057565674 -0.790248394 -110.135177612 0.034043141 0.998340666 -0.046442635 -10.424285889 0.791610539 0.001431032 0.611024201 115.292541504
0.620035887 -0.056392848 -0.782544017 -110.946228027 0.033367388 0.998406410 -0.045510538 -10.490340233 0.783863604 0.002106715 0.620929658 115.922363281
0.630032122 -0.056184474 -0.774533868 -111.725509644 0.031711768 0.998408735 -0.046628863 -10.551731110 0.775921345 0.004815844 0.630811393 116.555526733
0.639476240 -0.055396203 -0.766812444 -112.487800598 0.029565129 0.998434782 -0.047473527 -10.617011070 0.768242240 0.007687290 0.640113235 117.189979553
0.648859084 -0.054735299 -0.758937359 -113.257820129 0.029391279 0.998467922 -0.046882197 -10.683668137 0.760340750 0.008113798 0.649473727 117.831359863
0.657944858 -0.052402195 -0.751240671 -113.996711731 0.028897215 0.998598158 -0.044347908 -10.747509956 0.752511561 0.007469717 0.658536792 118.481155396
0.666548967 -0.050980579 -0.743715823 -114.721031189 0.029323721 0.998679638 -0.042176820 -10.806581497 0.744884253 0.006304405 0.667164028 119.127868652
0.674616158 -0.050242208 -0.736456811 -115.431472778 0.029414648 0.998718262 -0.041189395 -10.866108894 0.737582326 0.006124416 0.675229430 119.781051636
0.682368755 -0.049438037 -0.729334414 -116.130386353 0.028219696 0.998748302 -0.041297801 -10.917497635 0.730463207 0.007598732 0.682909787 120.436309814
0.689799488 -0.048415110 -0.722379804 -116.818908691 0.027787950 0.998796880 -0.040406365 -10.974044800 0.723466933 0.007798834 0.690314949 121.092605591
0.696980000 -0.045856316 -0.715622902 -117.496162415 0.026915720 0.998922884 -0.037795346 -11.025241852 0.716585279 0.007081092 0.697463632 121.745315552
0.704353511 -0.043212038 -0.708532870 -118.157325745 0.025846083 0.999044776 -0.035236161 -11.073542595 0.709378660 0.006505919 0.704797566 122.407592773
0.712014914 -0.041633427 -0.700928867 -118.809715271 0.025047546 0.999111354 -0.033901006 -11.125224113 0.701717436 0.006581473 0.712424934 123.058998108
0.719201803 -0.040743575 -0.693605602 -119.442878723 0.024452919 0.999145031 -0.033336174 -11.176752090 0.694370806 0.007014754 0.719583213 123.715751648
0.727197289 -0.037664831 -0.685394347 -120.067535400 0.021553261 0.999254048 -0.032044705 -11.217962265 0.686090052 0.008530340 0.727466583 124.369895935
0.736227632 -0.034943953 -0.675831139 -120.669967651 0.020955520 0.999364376 -0.028844034 -11.266284943 0.676409304 0.007073384 0.736491919 125.022277832
0.745650828 -0.031136747 -0.665609002 -121.255722046 0.018994136 0.999494970 -0.025477460 -11.305318832 0.666066051 0.006354622 0.745865762 125.677619934
0.755757987 -0.028753156 -0.654219508 -121.834541321 0.017043006 0.999560833 -0.024242848 -11.347797394 0.654629230 0.007171856 0.755916059 126.337791443
0.765472591 -0.027836578 -0.642866135 -122.381256104 0.015412259 0.999570429 -0.024930473 -11.382530212 0.643283844 0.009175576 0.765572727 126.993469238
0.775546789 -0.029182507 -0.630615234 -122.931564331 0.015717119 0.999513924 -0.026924442 -11.414699554 0.631094396 0.010969712 0.775628448 127.664871216
0.785422087 -0.028435912 -0.618306994 -123.454940796 0.015455903 0.999533772 -0.026335208 -11.448612213 0.618767440 0.011127765 0.785495341 128.341522217
0.795694351 -0.026574617 -0.605115116 -123.981201172 0.014868760 0.999592960 -0.024347125 -11.492948532 0.605515897 0.010375555 0.795765579 129.023345947
0.805849373 -0.024346530 -0.591619909 -124.483642578 0.014575418 0.999667108 -0.021285350 -11.526711464 0.591941178 0.008529676 0.805935979 129.709014893
0.815530956 -0.022705127 -0.578267813 -124.977439880 0.014525387 0.999718308 -0.018767824 -11.553861618 0.578531027 0.006906177 0.815631092 130.399795532
0.824632168 -0.021379713 -0.565265298 -125.457160950 0.015057043 0.999761045 -0.015847571 -11.582183838 0.565469027 0.004557194 0.824756920 131.106353760
0.832878947 -0.020732922 -0.553066850 -125.926704407 0.015769616 0.999781311 -0.013731090 -11.604343414 0.553230643 0.002714683 0.833023727 131.813842773
0.840130687 -0.020814553 -0.541984499 -126.383071899 0.017058035 0.999783158 -0.011954313 -11.634264946 0.542115748 0.000797992 0.840303421 132.522262573
0.846515238 -0.020565184 -0.531967223 -126.819801331 0.017062655 0.999788344 -0.011498895 -11.653642654 0.532091081 0.000657217 0.846686840 133.234298706
0.853394926 -0.019883441 -0.520885706 -127.276824951 0.016285049 0.999801517 -0.011484127 -11.675523758 0.521010637 0.001317846 0.853549123 133.967803955
0.860180497 -0.017921340 -0.509674668 -127.714981079 0.014595974 0.999838114 -0.010522916 -11.693632126 0.509780645 0.001612411 0.860302866 134.700302124
0.866298258 -0.016975820 -0.499238640 -128.137298584 0.013941778 0.999854803 -0.009806163 -11.713420868 0.499332547 0.001534786 0.866409123 135.442962646
0.872426987 -0.017295511 -0.488438338 -128.559967041 0.014363728 0.999849319 -0.009748624 -11.737413406 0.488533318 0.001489170 0.872543991 136.183380127
0.877417028 -0.018941522 -0.479354173 -128.970275879 0.015611051 0.999818504 -0.010932789 -11.754321098 0.479474247 0.002109393 0.877553344 136.952590942
0.881680131 -0.019561002 -0.471441805 -129.370513916 0.016171090 0.999806166 -0.011240996 -11.770586014 0.471570283 0.002287235 0.881825447 137.718780518
0.885198116 -0.018554853 -0.464844108 -129.776031494 0.015387219 0.999825358 -0.010607591 -11.790713310 0.464959741 0.002237163 0.885329008 138.492294312
0.888418317 -0.016671162 -0.458732039 -130.190200806 0.014947673 0.999861062 -0.007387885 -11.804449081 0.458791405 -0.000293445 0.888544023 139.285446167
0.891628623 -0.012401056 -0.452597499 -130.596572876 0.012476163 0.999918222 -0.002819140 -11.823706627 0.452595413 -0.003133054 0.891710460 140.082962036
0.894889057 -0.009845204 -0.446180046 -130.999572754 0.011011694 0.999939442 0.000021598 -11.834932327 0.446152836 -0.004932525 0.894943237 140.894683838
0.898169160 -0.007152636 -0.439591676 -131.407867432 0.009092685 0.999956012 0.002307710 -11.843975067 0.439555764 -0.006069783 0.898194790 141.720458984
0.901447892 -0.005682533 -0.432850361 -131.818542480 0.008453366 0.999954224 0.004477292 -11.846841812 0.432805151 -0.007695088 0.901454687 142.563644409
0.904821754 -0.004119564 -0.425770700 -132.224472046 0.008000943 0.999941170 0.007328137 -11.849496841 0.425715417 -0.010037225 0.904801488 143.417602539
0.908176184 -0.004304910 -0.418565929 -132.618225098 0.009019550 0.999916196 0.009285975 -11.851590157 0.418490827 -0.012208579 0.908138990 144.285919189
0.911863387 -0.004752184 -0.410466254 -133.039031982 0.009901681 0.999896705 0.010420558 -11.852389336 0.410374343 -0.013566433 0.911816180 145.193786621
0.915560007 -0.005195334 -0.402147859 -133.436386108 0.010277672 0.999892294 0.010481345 -11.852453232 0.402050078 -0.013729442 0.915514708 146.095214844
0.919436991 -0.007850837 -0.393158972 -133.827713013 0.012806376 0.999868155 0.009982867 -11.849988937 0.393028736 -0.014213558 0.919416308 147.010833740
0.923362374 -0.009602425 -0.383809507 -134.209640503 0.013954725 0.999866009 0.008556664 -11.844770432 0.383675963 -0.013256859 0.923372626 147.952911377
0.928002059 -0.010280445 -0.372433156 -134.596313477 0.013795484 0.999881864 0.006774388 -11.849085808 0.372319490 -0.011424541 0.928034306 148.901763916
0.933238268 -0.008312614 -0.359161794 -134.969940186 0.011198443 0.999919534 0.005955177 -11.850423813 0.359083354 -0.009579652 0.933256328 149.872543335
0.939224422 -0.004658273 -0.343272209 -135.325042725 0.007629781 0.999944210 0.007306344 -11.850402832 0.343219042 -0.009481389 0.939207554 150.859924316
0.945958853 -0.000951206 -0.324285209 -135.680328369 0.004518194 0.999937296 0.010246783 -11.848719597 0.324255168 -0.011158219 0.945903897 151.865798950
0.952464700 0.002224941 -0.304640919 -136.007705688 0.001527904 0.999925792 0.012079963 -11.850772858 0.304645151 -0.011971202 0.952390671 152.872360229
0.958912492 0.003680375 -0.283678025 -136.322723389 -0.000011350 0.999916315 0.012934325 -11.846145630 0.283701867 -0.012399667 0.958832383 153.917297363
0.965055346 0.005267410 -0.261993110 -136.614349365 -0.001484339 0.999891758 0.014635389 -11.847635269 0.262041837 -0.013735072 0.964958727 154.957641602
0.970633984 0.006222230 -0.240480825 -136.884506226 -0.002045632 0.999842823 0.017613433 -11.840531349 0.240552604 -0.016604260 0.970494092 156.035171509
0.975795150 0.008411929 -0.218524441 -137.125244141 -0.003878295 0.999768436 0.021167235 -11.837933540 0.218651891 -0.019807385 0.975601792 157.102569580
0.980495095 0.011035059 -0.196233764 -137.353698730 -0.006180948 0.999659956 0.025331616 -11.822256088 0.196446553 -0.023624612 0.980229855 158.206710815
0.984712243 0.012775216 -0.173719957 -137.562713623 -0.007892516 0.999554873 0.028768577 -11.806676865 0.174010202 -0.026957680 0.984374821 159.330352783
0.988359988 0.014724827 -0.151419073 -137.746459961 -0.010503422 0.999534488 0.028641114 -11.784800529 0.151770324 -0.026717311 0.988054693 160.479537964
0.991482794 0.014221582 -0.129459187 -137.899108887 -0.010848249 0.999583900 0.026725126 -11.768758774 0.129785389 -0.025093095 0.991224527 161.630249023
0.994040072 0.014802171 -0.108005896 -138.037994385 -0.012088220 0.999595582 0.025739437 -11.747917175 0.108343221 -0.024280429 0.993816912 162.793945312
0.996056259 0.013228431 -0.087732643 -138.140487671 -0.010825566 0.999554634 0.027808009 -11.729079247 0.088061415 -0.026748575 0.995755851 163.985214233
0.997611046 0.014160691 -0.067614540 -138.235946655 -0.012190786 0.999491632 0.029458577 -11.707490921 0.067997314 -0.028563924 0.997276485 165.179458618
0.998768270 0.014458049 -0.047464829 -138.298171997 -0.013018686 0.999450147 0.030495143 -11.684217453 0.047879629 -0.029839652 0.998407304 166.398254395
0.999505639 0.016256440 -0.026915144 -138.330352783 -0.015418153 0.999398351 0.031065535 -11.662887573 0.027403967 -0.030635187 0.999154925 167.610488892
0.999837637 0.016853156 -0.006360748 -138.345550537 -0.016643658 0.999359965 0.031664453 -11.636201859 0.006890323 -0.031553451 0.999478340 168.849121094
0.999718904 0.019077040 0.014079636 -138.339385986 -0.019508278 0.999324203 0.031154552 -11.610620499 -0.013475783 -0.031420466 0.999415457 170.105407715
0.999186695 0.020497935 0.034725111 -138.318038940 -0.021541316 0.999319434 0.029944019 -11.585786819 -0.034087684 -0.030667691 0.998948336 171.387847900
0.998304486 0.020684889 0.054408353 -138.258300781 -0.022208173 0.999373913 0.027543208 -11.560589790 -0.053804558 -0.028704818 0.998138845 172.677261353
0.997061908 0.022821115 0.073121198 -138.168014526 -0.024713067 0.999379992 0.025074644 -11.541618347 -0.072503641 -0.026808018 0.997007728 173.970947266
0.995433867 0.023286689 0.092569828 -138.060913086 -0.025553556 0.999399960 0.023378666 -11.526238441 -0.091969877 -0.025637399 0.995431721 175.270904541
0.993420362 0.023759020 0.112033665 -137.928726196 -0.026197577 0.999449790 0.020344395 -11.506548882 -0.111488655 -0.023145547 0.993496060 176.585662842
0.991210163 0.024479916 0.130012169 -137.754592896 -0.026619229 0.999536932 0.014742238 -11.498440742 -0.129591107 -0.018073482 0.991402805 177.900451660
0.988676190 0.025976080 0.147799417 -137.567947388 -0.027489880 0.999588370 0.008208414 -11.497939110 -0.147525355 -0.012178451 0.988983274 179.221588135
0.985844910 0.028052673 0.165296108 -137.359436035 -0.028957183 0.999575913 0.003064297 -11.500436783 -0.165140063 -0.007807433 0.986239195 180.540786743
0.982678056 0.030483577 0.182796434 -137.122619629 -0.030804276 0.999524832 -0.001085367 -11.511261940 -0.182742730 -0.004564347 0.983150184 181.887008667
0.979103446 0.032677215 0.200720310 -136.866058350 -0.032559879 0.999462247 -0.003886776 -11.529192924 -0.200739413 -0.002729874 0.979640901 183.227661133
0.975419760 0.031978376 0.218022168 -136.574844360 -0.031955160 0.999482691 -0.003633285 -11.547965050 -0.218025610 -0.003422955 0.975937068 184.589431763
0.971489608 0.030862596 0.235064656 -136.255828857 -0.030650506 0.999519706 -0.004556745 -11.565320969 -0.235092431 -0.002778020 0.971969128 185.948120117
0.967223883 0.031336356 0.251984179 -135.899246216 -0.029947322 0.999507785 -0.009346488 -11.596251488 -0.252153039 0.001493892 0.967686236 187.331710815
0.962798238 0.032401491 0.268271804 -135.535537720 -0.029808998 0.999461293 -0.013732294 -11.621321678 -0.268572152 0.005224514 0.963245392 188.680023193
0.957976282 0.034654796 0.284746408 -135.136093140 -0.032082792 0.999391556 -0.013693406 -11.653208733 -0.285047650 0.003982500 0.958505094 190.060211182
0.952587664 0.036555231 0.302060336 -134.709609985 -0.033702232 0.999324501 -0.014653387 -11.685163498 -0.302391946 0.003778526 0.953176200 191.437255859
0.946658850 0.040379606 0.319697469 -134.270782471 -0.036581192 0.999170721 -0.017880090 -11.720247269 -0.320154369 0.005231436 0.947350860 192.815979004
0.940658808 0.040842280 0.336887062 -133.793502808 -0.035577029 0.999129355 -0.021790313 -11.763338089 -0.337483734 0.008511803 0.941292882 194.187500000
0.934223175 0.042086031 0.354197502 -133.295272827 -0.035939947 0.999067724 -0.023915680 -11.811321259 -0.354873836 0.009612743 0.934864759 195.555374146
0.927554488 0.042521026 0.371260852 -132.761734009 -0.034068778 0.998989940 -0.029298611 -11.866149902 -0.372131735 0.014527654 0.928066254 196.923187256
0.919597745 0.045741476 0.390189379 -132.207946777 -0.034751337 0.998776615 -0.035183571 -11.929819107 -0.391321331 0.018795131 0.920062125 198.283203125
0.910182476 0.049232066 0.411271244 -131.609985352 -0.036475476 0.998580515 -0.038813420 -11.998364449 -0.412598342 0.020325977 0.910686255 199.656219482
0.898945153 0.052179944 0.434942394 -131.004364014 -0.038527392 0.998450398 -0.040154919 -12.075084686 -0.436363727 0.019339880 0.899562418 200.991241455
