0.996986926 -0.007254686 -0.077228695 -0.004637164 0.007354704 0.999972403 0.001010741 0.004869428 0.077219240 -0.001575690 0.997012913 0.041326579
0.995656431 -0.008678702 -0.092698380 -0.005945894 0.008785842 0.999961138 0.000747752 0.005784300 0.092688292 -0.001558938 0.995693982 0.049467079
0.992303193 -0.010903774 -0.123350732 -0.009069752 0.011029532 0.999939084 0.000336692 0.007677911 0.123339534 -0.001694601 0.992363095 0.066149421
0.990224659 -0.012810767 -0.138892278 -0.010773832 0.012960482 0.999915957 0.000173507 0.008643911 0.138878405 -0.001971922 0.990307570 0.074352197
0.987915158 -0.014160899 -0.154347301 -0.012413000 0.014274276 0.999898076 -0.000373713 0.009573432 0.154336870 -0.001834000 0.988016546 0.081737764
0.985414386 -0.014998061 -0.169509560 -0.014420129 0.015006608 0.999886632 -0.001230800 0.010636467 0.169508815 -0.001330916 0.985527754 0.089920811
0.982617140 -0.016082311 -0.184945449 -0.016413605 0.016074000 0.999869525 -0.001544377 0.011409705 0.184946164 -0.001455283 0.982747555 0.097571500
0.979631364 -0.016638357 -0.200113922 -0.018662462 0.016703539 0.999859571 -0.001362792 0.012390647 0.200108528 -0.002007577 0.979771614 0.105594106
0.976399601 -0.017929599 -0.215226293 -0.020886140 0.018197007 0.999834180 -0.000739098 0.013361831 0.215203851 -0.003194820 0.976563931 0.113673896
0.973023117 -0.019155715 -0.229910702 -0.023333469 0.019486455 0.999809802 -0.000832040 0.014296311 0.229882926 -0.003670551 0.973211348 0.121106714
0.969446182 -0.019942867 -0.244492084 -0.026032474 0.020299664 0.999793470 -0.001060625 0.015221637 0.244462729 -0.003934888 0.969650686 0.128769159
0.965581179 -0.021659821 -0.259198040 -0.028448908 0.022102265 0.999754965 -0.001207522 0.016072115 0.259160668 -0.004562903 0.965823352 0.136473536
0.961602747 -0.023330109 -0.273451269 -0.031139988 0.023967581 0.999712229 -0.001009697 0.016840832 0.273396075 -0.005583038 0.961885273 0.143986553
0.957457721 -0.024603600 -0.287522703 -0.033960335 0.025303312 0.999678910 -0.001282833 0.017788552 0.287461996 -0.006047021 0.957772911 0.151517347
0.953138351 -0.026590109 -0.301363975 -0.036878221 0.027186288 0.999627888 -0.002216327 0.018701687 0.301310718 -0.006080502 0.953506589 0.158914879
0.948586881 -0.028444022 -0.315236241 -0.039838172 0.028886748 0.999577284 -0.003268706 0.019464370 0.315196037 -0.006005497 0.949007571 0.166192144
0.943752825 -0.030701058 -0.329223275 -0.042914037 0.030826751 0.999512970 -0.004839493 0.020318139 0.329211503 -0.005581598 0.944239676 0.173511848
0.938773632 -0.033174343 -0.342934072 -0.046177067 0.032949924 0.999435902 -0.006482634 0.021226665 0.342955768 -0.005213927 0.939337194 0.181001544
0.933656454 -0.034934841 -0.356462061 -0.049551655 0.034164954 0.999380350 -0.008457759 0.022194309 0.356536657 -0.004281865 0.934271574 0.188379124
0.928282499 -0.037554763 -0.369974613 -0.052806407 0.036246207 0.999287724 -0.010490699 0.022813153 0.370105118 -0.003671847 0.928982675 0.195308149
0.922671258 -0.039868500 -0.383520931 -0.056426391 0.037792806 0.999201715 -0.012949341 0.023712561 0.383731037 -0.002546345 0.923441410 0.202558070
0.916831076 -0.041591085 -0.397103280 -0.059910614 0.038698364 0.999133766 -0.015298785 0.024425048 0.397395641 -0.001340847 0.917646468 0.209354818
0.910736740 -0.044064961 -0.410629928 -0.063625954 0.040084913 0.999028683 -0.018302020 0.025194906 0.411037534 0.000208257 0.911618352 0.216307476
0.904614151 -0.046351805 -0.423703611 -0.067637742 0.041246962 0.998923600 -0.021216080 0.025849748 0.424230993 0.001715879 0.905552387 0.223284319
0.898035407 -0.049655225 -0.437111825 -0.071323812 0.043256894 0.998761296 -0.024587512 0.026669279 0.437791258 0.003172354 0.899071038 0.230201229
0.891381085 -0.052828219 -0.450165510 -0.075457610 0.045241076 0.998594642 -0.027605258 0.027220923 0.450991243 0.004240832 0.892518282 0.236728489
0.884606659 -0.055287536 -0.463048965 -0.079852879 0.046336871 0.998454154 -0.030692575 0.028167237 0.464030176 0.005694611 0.885801077 0.243871808
0.877497494 -0.057666257 -0.476101667 -0.083923995 0.048082348 0.998320997 -0.032298341 0.028827854 0.477164835 0.005449628 0.878796875 0.250725061
0.870211184 -0.059649859 -0.489054531 -0.088486776 0.049635001 0.998207688 -0.033431884 0.029603681 0.490172237 0.004818575 0.871612251 0.257777750
0.862839580 -0.061081726 -0.501773477 -0.092851862 0.050971277 0.998126149 -0.033854365 0.030135576 0.502901137 0.003634856 0.864336193 0.263809085
0.855120778 -0.063274436 -0.514552772 -0.097395331 0.052817982 0.997992516 -0.034946173 0.030873362 0.515731096 0.002705563 0.856746197 0.270562142
0.847522736 -0.064794376 -0.526789129 -0.102539033 0.053919245 0.997896433 -0.035992172 0.031625111 0.528013110 0.002100107 0.849233508 0.277541250
0.839633822 -0.065679871 -0.539167106 -0.107248545 0.054487620 0.997839689 -0.036701679 0.032095008 0.540412903 0.001438037 0.841398716 0.283696771
0.831402242 -0.067719012 -0.551529288 -0.111982033 0.055820651 0.997703850 -0.038355354 0.032762311 0.552860320 0.001102004 0.833273232 0.290057927
0.823204219 -0.068721533 -0.563570917 -0.117092893 0.055949554 0.997635067 -0.039925929 0.033266302 0.564981818 0.001335649 0.825102270 0.296468705
0.815077007 -0.069998480 -0.575108409 -0.122320816 0.056327481 0.997545958 -0.041584276 0.033903785 0.576607883 0.001499978 0.817019641 0.302802086
0.806770802 -0.071813755 -0.586484075 -0.127522528 0.056941111 0.997416139 -0.043803032 0.034542732 0.588114202 0.001943957 0.808775544 0.309067905
0.798253000 -0.073768616 -0.597787797 -0.132808223 0.057929419 0.997273624 -0.045710478 0.035030339 0.599529982 0.001859034 0.800350070 0.315178305
0.789743960 -0.075550318 -0.608766377 -0.138194531 0.058405511 0.997139275 -0.047980275 0.035570957 0.610649884 0.002336813 0.791897357 0.321307659
0.781038642 -0.076856934 -0.619735181 -0.143540055 0.058870275 0.997039855 -0.049455743 0.036095627 0.621701658 0.002142861 0.783251226 0.327226967
0.772293150 -0.079735979 -0.630242467 -0.149023622 0.060756862 0.996814847 -0.051662460 0.036620852 0.632354379 0.001607006 0.774677575 0.333159953
0.763218641 -0.081981987 -0.640918374 -0.154774427 0.062469885 0.996633708 -0.053092297 0.037149098 0.643113315 0.000482933 0.765770793 0.339229763
0.744751573 -0.086182103 -0.661753535 -0.166526079 0.065616272 0.996277809 -0.055902205 0.038233567 0.664108098 -0.001788553 0.747634411 0.351072669
0.735417128 -0.087949395 -0.671882868 -0.172394320 0.066916779 0.996120572 -0.057147548 0.038732260 0.674302459 -0.002932958 0.738449395 0.356758773
0.725751400 -0.089705966 -0.682083368 -0.178285122 0.068410166 0.995958507 -0.058196168 0.039171793 0.684547186 -0.004425482 0.728955030 0.362464726
0.716501474 -0.090964414 -0.691629231 -0.184499025 0.069568478 0.995836616 -0.058904074 0.039539985 0.694107831 -0.005910753 0.719846725 0.368028224
0.697996080 -0.093631320 -0.709953904 -0.197004229 0.070348032 0.995585322 -0.062138245 0.040366046 0.712637722 -0.006571625 0.701501429 0.378920227
0.688669920 -0.095963120 -0.718696535 -0.203717232 0.070583753 0.995368183 -0.065270521 0.040962674 0.721631169 -0.005778458 0.692253590 0.384580046
0.679439545 -0.097381629 -0.727240503 -0.210302293 0.068486392 0.995243490 -0.069283888 0.041216344 0.730528295 -0.002731878 0.682876945 0.389988780
0.670090795 -0.101902701 -0.735251129 -0.216348737 0.068643585 0.994794309 -0.075314157 0.041515034 0.739098370 -0.000002965 0.673597515 0.394832760
0.661351323 -0.106567465 -0.742467403 -0.223132819 0.067685723 0.994296253 -0.082421944 0.041855603 0.747016251 0.004255400 0.664792240 0.399932563
0.652034998 -0.113238163 -0.749684989 -0.229148671 0.069272064 0.993545771 -0.089823723 0.041986007 0.755017817 0.006635966 0.655670702 0.405029625
0.643366873 -0.119173586 -0.756225348 -0.235864729 0.070446655 0.992834210 -0.096527532 0.042150233 0.762309849 0.008829065 0.647152007 0.410120219
0.634582579 -0.125989035 -0.762516677 -0.242757648 0.072430357 0.991975784 -0.103623979 0.042505030 0.769453466 0.010528614 0.638616025 0.415323377
0.625922501 -0.131405175 -0.768735111 -0.249594986 0.074710019 0.991272569 -0.108614340 0.042571172 0.776298463 0.010551956 0.630277157 0.420384645
0.617214262 -0.136908025 -0.774792135 -0.256296426 0.078253001 0.990543544 -0.112694100 0.042601094 0.782893956 0.008926587 0.622091055 0.425515920
0.608765244 -0.138863638 -0.781102955 -0.262756646 0.080509342 0.990292847 -0.113306925 0.042717103 0.789254785 0.006091235 0.614035666 0.429890633
0.600319624 -0.137955800 -0.787771881 -0.270129800 0.082081884 0.990436554 -0.110896453 0.043184251 0.795536876 0.001911510 0.605902195 0.435153723
0.592133939 -0.134433210 -0.794547081 -0.277571082 0.082326680 0.990919590 -0.106304683 0.043393619 0.801623106 -0.002465801 0.597824574 0.439962983
0.583257139 -0.129350826 -0.801922381 -0.285013378 0.081347398 0.991577864 -0.100776576 0.043558232 0.808204055 -0.006455636 0.588867128 0.444656760
0.574419260 -0.124311186 -0.809066832 -0.292207956 0.080432810 0.992189765 -0.095342092 0.043767948 0.814599931 -0.010309191 0.579931617 0.449241281
0.565259576 -0.119334646 -0.816235721 -0.299633503 0.079751648 0.992751479 -0.089911841 0.043865457 0.821048915 -0.014272616 0.570679367 0.453992605
0.556424260 -0.115277544 -0.822862744 -0.307087958 0.080068238 0.993159235 -0.084992364 0.044208199 0.827031612 -0.018593369 0.561847925 0.458526611
0.547594965 -0.112295330 -0.829173923 -0.314148754 0.082000591 0.993385553 -0.080380514 0.044390190 0.832715809 -0.023976790 0.553181171 0.462944269
0.538655758 -0.112448476 -0.834988236 -0.321681559 0.085277840 0.993240476 -0.078747191 0.044713151 0.838199019 -0.028788373 0.544604182 0.467426598
0.529961050 -0.112662651 -0.840504825 -0.329444051 0.086429402 0.993150413 -0.078627437 0.044898488 0.843606055 -0.030974852 0.536068380 0.471875310
0.521988213 -0.113631144 -0.845349729 -0.337391824 0.088690363 0.992944837 -0.078706041 0.045270227 0.848329127 -0.033890743 0.528383493 0.476073802
0.513590217 -0.114625774 -0.850344598 -0.344600856 0.089716181 0.992778242 -0.079639032 0.045608237 0.853332341 -0.035387836 0.520164907 0.480284363
0.505571902 -0.114708029 -0.855125129 -0.352087051 0.090044290 0.992725194 -0.079929434 0.045804393 0.858072758 -0.036589045 0.512222767 0.484338522
0.498078644 -0.115858689 -0.859356999 -0.360255808 0.090087458 0.992584765 -0.081606299 0.046272933 0.862439513 -0.036770940 0.504822731 0.488604248
0.490510970 -0.116656639 -0.863591492 -0.367839843 0.089737438 0.992492557 -0.083099090 0.046657659 0.866802156 -0.036735483 0.497297078 0.492436498
0.483665526 -0.116866380 -0.867415726 -0.375659347 0.088687070 0.992488682 -0.084266044 0.047059577 0.870748162 -0.036171976 0.490397066 0.496177375
0.476816833 -0.116853841 -0.871200860 -0.383696318 0.088851199 0.992455065 -0.084488504 0.047112949 0.874500513 -0.037121687 0.483601958 0.500017226
0.469960749 -0.117159091 -0.874877512 -0.391718835 0.089017838 0.992389798 -0.085077755 0.047564059 0.878187120 -0.037896503 0.476813436 0.504193187
0.463475645 -0.118426144 -0.878160298 -0.399774283 0.090939023 0.992153168 -0.085803077 0.047813151 0.881430864 -0.040091395 0.470608383 0.507998049
0.456888735 -0.119795501 -0.881420314 -0.407171845 0.092963591 0.991894364 -0.086622097 0.048052594 0.884652734 -0.042363327 0.464321911 0.511659503
0.450651228 -0.122286230 -0.884284675 -0.415304065 0.095789716 0.991478026 -0.088293217 0.048343703 0.887545824 -0.044915918 0.458524555 0.515568316
0.444868088 -0.125154436 -0.886808217 -0.423997998 0.098976523 0.990992665 -0.090206251 0.048654817 0.890110135 -0.047643311 0.453248292 0.519574761
0.439372063 -0.127711996 -0.889180481 -0.431911588 0.102206819 0.990521669 -0.091763929 0.048964217 0.892471790 -0.050561808 0.448260546 0.523344874
0.434175283 -0.129737377 -0.891437054 -0.440135717 0.104571193 0.990143418 -0.093171328 0.049215306 0.894738376 -0.052765932 0.443462551 0.527139783
0.429106414 -0.130174413 -0.893824577 -0.448481232 0.104790129 0.990053236 -0.093881398 0.049506847 0.897154748 -0.053378876 0.438479185 0.530842721
0.420983016 -0.128807470 -0.897876322 -0.465448380 0.103227474 0.990238428 -0.093657799 0.050048608 0.901175559 -0.053257160 0.430170119 0.538206697
0.418296456 -0.126740903 -0.899424613 -0.473841578 0.101681106 0.990526915 -0.092289478 0.050327204 0.902601361 -0.052850150 0.427220970 0.541585803
0.415390760 -0.125108063 -0.900998652 -0.481998980 0.102073245 0.990651846 -0.090497658 0.050515588 0.903898001 -0.054375965 0.424277842 0.545239925
0.412951231 -0.123355143 -0.902360618 -0.490726650 0.103442572 0.990726352 -0.088096090 0.050842691 0.904859602 -0.056963120 0.421881825 0.548979342
0.410837382 -0.122041851 -0.903503418 -0.499176323 0.105341211 0.990717292 -0.085922047 0.051152885 0.905602574 -0.059876166 0.419879705 0.552592278
0.409025818 -0.121028014 -0.904461265 -0.507393777 0.107421897 0.990660071 -0.083982922 0.051393446 0.906177819 -0.062807754 0.418206692 0.556166649
0.407884002 -0.119993962 -0.905114412 -0.515974998 0.108313359 0.990685284 -0.082527667 0.051745668 0.906586349 -0.064374276 0.417081654 0.560051441
0.407234937 -0.118601143 -0.905590117 -0.524434686 0.107965223 0.990831852 -0.081213981 0.052075464 0.906919599 -0.064699076 0.416306168 0.563518882
0.406786293 -0.117741808 -0.905903816 -0.533787966 0.107727125 0.990922689 -0.080418132 0.052567311 0.907149255 -0.064877413 0.415777773 0.567616940
0.406841278 -0.116379894 -0.906055093 -0.542209566 0.106771171 0.991111279 -0.079362176 0.052968405 0.907237589 -0.064452767 0.415651023 0.571165442
0.407170773 -0.115761161 -0.905986369 -0.551080883 0.105939530 0.991226137 -0.079040930 0.053451136 0.907187283 -0.063796625 0.415862113 0.575094819
0.407913119 -0.114439622 -0.905820310 -0.559892654 0.104206048 0.991466045 -0.078333408 0.053869370 0.907054484 -0.062438719 0.416357279 0.578717470
0.408762753 -0.113945611 -0.905499458 -0.568587124 0.103605404 0.991554916 -0.078004800 0.054344479 0.906740785 -0.061929181 0.417115986 0.582506299
0.409680188 -0.113499261 -0.905140877 -0.577284276 0.102750652 0.991656661 -0.077841356 0.054695461 0.906423867 -0.061113752 0.417924225 0.586153269
0.410530090 -0.113656834 -0.904735923 -0.585605502 0.102909140 0.991637349 -0.077878036 0.055161554 0.906021357 -0.061134327 0.418793321 0.589872479
0.411250591 -0.113533042 -0.904424369 -0.594978452 0.103666484 0.991600752 -0.077338196 0.055520393 0.905608177 -0.061953105 0.419566035 0.594063520
0.412366986 -0.113422029 -0.903929710 -0.603674054 0.104374833 0.991568029 -0.076803446 0.055816956 0.905018985 -0.062676303 0.420728356 0.597977400
0.413688421 -0.112938620 -0.903386235 -0.612393975 0.103795476 0.991656721 -0.076442756 0.056267686 0.904482424 -0.062143918 0.421959430 0.601838827
0.415325791 -0.112512074 -0.902687907 -0.621628284 0.102915548 0.991762221 -0.076263055 0.056860883 0.903832316 -0.061226610 0.423483640 0.605956912
0.417422146 -0.111761175 -0.901813865 -0.630584478 0.102856562 0.991841316 -0.075309038 0.057278566 0.902872801 -0.061321817 0.425511807 0.609973073
0.419694304 -0.110417716 -0.900924325 -0.639701009 0.102956936 0.991958082 -0.073612541 0.057769611 0.901807427 -0.061861638 0.427687466 0.614153862
0.422343522 -0.109719895 -0.899770916 -0.648561180 0.103140160 0.992017031 -0.072555609 0.058357380 0.900548756 -0.062159114 0.430288553 0.618239164
0.426012725 -0.107865296 -0.898264050 -0.657173395 0.103454642 0.992162466 -0.070076175 0.058686048 0.898782670 -0.063076243 0.433833033 0.622213960
0.429829121 -0.106310725 -0.896629810 -0.666305125 0.103310436 0.992313027 -0.068130344 0.059322543 0.896980345 -0.063346811 0.437508076 0.626587451
0.434217632 -0.104654647 -0.894708037 -0.675523758 0.102702111 0.992503405 -0.066250704 0.059935812 0.894934237 -0.063121185 0.441710740 0.631040335
0.439222872 -0.103193656 -0.892431736 -0.684512675 0.102554478 0.992646456 -0.064308070 0.060480800 0.892505348 -0.063277304 0.446575969 0.635450542
0.444658935 -0.102493346 -0.889816582 -0.693175018 0.102645993 0.992717624 -0.063051745 0.061072115 0.889798939 -0.063299596 0.451941282 0.639765561
0.449732006 -0.103067622 -0.887196779 -0.702423573 0.103458226 0.992644608 -0.062873378 0.061656088 0.887151361 -0.063511640 0.457087249 0.644559383
0.455439299 -0.102995954 -0.884288907 -0.711271465 0.103322834 0.992688239 -0.062406745 0.062182955 0.884250879 -0.062944748 0.462751001 0.649066687
0.461205453 -0.103936642 -0.881184757 -0.719889939 0.104033299 0.992600024 -0.062627956 0.062750876 0.881173432 -0.062788203 0.468605429 0.653715730
0.467898428 -0.104595751 -0.877570808 -0.729208469 0.103798285 0.992603421 -0.062963635 0.063467383 0.877665639 -0.061629783 0.475294411 0.658594489
0.474151254 -0.104263343 -0.874248028 -0.737949312 0.101886056 0.992790103 -0.063142523 0.064103238 0.874528348 -0.059134584 0.481355727 0.663364053
0.480574310 -0.103260577 -0.870853305 -0.746708632 0.098974809 0.993085086 -0.063135535 0.064696833 0.871350944 -0.055851243 0.487471312 0.668052614
0.487112105 -0.101331338 -0.867440939 -0.755928218 0.096271038 0.993423104 -0.061987039 0.065391108 0.868017137 -0.053314794 0.493663639 0.673189342
0.493727893 -0.097937763 -0.864083946 -0.764851928 0.093452998 0.993859172 -0.059248876 0.066025987 0.864580512 -0.051498409 0.499848574 0.678183973
0.500122488 -0.093654528 -0.860875368 -0.773886502 0.088650800 0.994448423 -0.056684572 0.066699848 0.861404955 -0.047968052 0.505648613 0.683233500
0.506033957 -0.090015709 -0.857803464 -0.782585561 0.082716063 0.995019913 -0.055619135 0.067456499 0.858538091 -0.042808961 0.510959625 0.688397706
0.512837827 -0.086333327 -0.854133427 -0.792234302 0.076677896 0.995560348 -0.054589495 0.068100303 0.855054319 -0.037497584 0.517180920 0.693862200
0.519550860 -0.085552484 -0.850145638 -0.801092565 0.074300341 0.995729327 -0.054795679 0.068786830 0.851202965 -0.034696966 0.523688674 0.699178457
0.525898516 -0.087541848 -0.846030176 -0.809713364 0.073936820 0.995629072 -0.057061717 0.069363728 0.847327650 -0.032544106 0.530072570 0.704662204
0.533166170 -0.089619055 -0.841250360 -0.818899691 0.073866263 0.995507360 -0.059237339 0.070081882 0.842779696 -0.030556692 0.537390530 0.710330188
0.540160537 -0.091549322 -0.836567640 -0.827739477 0.072435334 0.995433867 -0.062164258 0.070735574 0.838438928 -0.027018391 0.544325352 0.716037273
0.547581494 -0.092592701 -0.831613541 -0.836368859 0.069978476 0.995444477 -0.064756021 0.071366355 0.833821058 -0.022735853 0.551566422 0.721703708
0.554743886 -0.091829970 -0.826938033 -0.845103741 0.067078516 0.995591402 -0.065559618 0.071946576 0.829312801 -0.019100990 0.558457971 0.727499843
0.562043726 -0.089866504 -0.822210968 -0.854428589 0.063731909 0.995829880 -0.065277189 0.072659530 0.824648440 -0.015712429 0.565427303 0.733630896
0.574096680 -0.089064464 -0.813928962 -0.871788263 0.062954888 0.995925069 -0.064574838 0.073960379 0.816363633 -0.014168607 0.577364385 0.746088088
0.580400407 -0.089490309 -0.809399009 -0.880618334 0.063346192 0.995893061 -0.064685784 0.074553952 0.811863601 -0.013728684 0.583685756 0.752380550
0.587278664 -0.089509584 -0.804420173 -0.889743030 0.063384287 0.995900035 -0.064541340 0.075231843 0.806899130 -0.013083849 0.590544343 0.759085596
0.593991995 -0.089072444 -0.799524605 -0.898374677 0.062332306 0.995959580 -0.064647973 0.075830594 0.802052498 -0.011435838 0.597144008 0.765526772
0.600155473 -0.088090941 -0.795017898 -0.907122493 0.061678447 0.996054590 -0.063805766 0.076623365 0.797501862 -0.010742090 0.603220880 0.772056997
0.606295764 -0.085971281 -0.790578544 -0.915983379 0.060070146 0.996250033 -0.062269103 0.077050909 0.792967200 -0.009736679 0.609186471 0.778682232
0.611686409 -0.084698334 -0.786553204 -0.924534738 0.058493223 0.996372879 -0.061803348 0.077837594 0.788934886 -0.008203774 0.614422023 0.785538614
0.617404401 -0.082414493 -0.782316864 -0.933311224 0.056571327 0.996573508 -0.060339645 0.078507856 0.784609139 -0.007002745 0.619951189 0.792312920
0.628603578 -0.078878373 -0.773715556 -0.950210810 0.053755056 0.996870875 -0.057955321 0.079838678 0.775865972 -0.005160199 0.630876720 0.805839062
0.634456277 -0.077422567 -0.769071579 -0.959837079 0.052324951 0.996990561 -0.057201028 0.080830753 0.771185756 -0.003950088 0.636597991 0.813597143
0.640115499 -0.075214133 -0.764588118 -0.968544304 0.049362894 0.997166395 -0.056766573 0.081424169 0.766691208 -0.001405113 0.642014503 0.820666015
0.645530820 -0.074820288 -0.760060549 -0.977234066 0.048250966 0.997196972 -0.057183705 0.082305446 0.762208521 0.000240186 0.647331595 0.828140318
0.651185274 -0.073495567 -0.755351782 -0.985776603 0.045958150 0.997291923 -0.057415988 0.082908280 0.757525921 0.002673885 0.652799487 0.835002065
0.656504750 -0.073349647 -0.750747144 -0.994173765 0.044935018 0.997296453 -0.058143776 0.083417550 0.752982318 0.004436825 0.658025801 0.842213988
0.661771476 -0.071965098 -0.746243715 -1.002898812 0.042687107 0.997384250 -0.058329161 0.084322140 0.748489320 0.006745584 0.663112402 0.850044668
0.667233109 -0.069361962 -0.741612494 -1.011486292 0.039673217 0.997550726 -0.057605308 0.085049286 0.743791699 0.009014019 0.668350697 0.857303202
0.672266781 -0.066786662 -0.737290323 -1.020117521 0.037063897 0.997709692 -0.056581371 0.085927807 0.739380479 0.010710926 0.673202515 0.865116358
0.677199960 -0.065350637 -0.732891142 -1.028500676 0.036266122 0.997801960 -0.055461954 0.086764134 0.734904706 0.010979716 0.678081572 0.872748256
0.681495607 -0.061936270 -0.729196548 -1.036997199 0.033746626 0.998011887 -0.053229757 0.087384030 0.731043637 0.011667921 0.682230890 0.880959094
0.686025977 -0.059340362 -0.725153267 -1.045357347 0.031830091 0.998161972 -0.051568460 0.088128485 0.726880550 0.012295606 0.686653852 0.888829648
0.690924048 -0.056798853 -0.720692813 -1.053890944 0.028878691 0.998281538 -0.050990198 0.088825725 0.722350478 0.014417685 0.691376865 0.896676481
0.695580363 -0.055396728 -0.716309428 -1.062273145 0.025787577 0.998305500 -0.052163955 0.089869648 0.717985332 0.017812338 0.695830226 0.904680014
0.704341650 -0.052374631 -0.707926273 -1.079524517 0.020996889 0.998375177 -0.052972384 0.091513097 0.709550500 0.022446405 0.704296887 0.921397209
0.708417594 -0.050062694 -0.704015791 -1.088133097 0.018693168 0.998462200 -0.052190777 0.092320167 0.705545962 0.023812579 0.708263993 0.929948330
0.712484658 -0.048166186 -0.700032592 -1.096273422 0.017037472 0.998534739 -0.051364269 0.093327269 0.701480806 0.024669474 0.712261200 0.938165426
0.716622949 -0.045685496 -0.695962846 -1.104515791 0.015532446 0.998650312 -0.049561452 0.094039202 0.697287798 0.024706870 0.716365397 0.946256042
0.720682740 -0.043731526 -0.691884339 -1.113314509 0.015535592 0.998776555 -0.046946850 0.095023826 0.693090916 0.023084950 0.720480442 0.955667436
0.724283576 -0.040916111 -0.688287079 -1.121561766 0.014785242 0.998929858 -0.043824185 0.095932022 0.689343572 0.021564646 0.724113524 0.964233816
0.727793515 -0.038363867 -0.684722364 -1.129875541 0.014637723 0.999075592 -0.040418088 0.096928090 0.685640097 0.019393248 0.727682412 0.973052502
0.731066167 -0.037560970 -0.681271911 -1.138501167 0.015955834 0.999151707 -0.037964776 0.098088607 0.682119966 0.016884504 0.731045306 0.982443929
0.734254003 -0.036517382 -0.677892029 -1.146737337 0.016712390 0.999221981 -0.035725202 0.099085666 0.678669095 0.014902174 0.734292984 0.991245687
0.737008214 -0.035693303 -0.674940646 -1.154890656 0.017130623 0.999270260 -0.034139074 0.100052878 0.675666571 0.013598625 0.737081826 1.000045657
0.739590645 -0.035808474 -0.672103643 -1.163528562 0.017533097 0.999269903 -0.033945672 0.101266012 0.672828436 0.013321850 0.739678442 1.009460568
0.743986368 -0.035890881 -0.667230189 -1.179879785 0.016945461 0.999248683 -0.034855623 0.103398383 0.667979836 0.014625587 0.744035542 1.027362227
0.746038914 -0.038079750 -0.664812744 -1.187983990 0.017870620 0.999148905 -0.037176136 0.104335271 0.665662467 0.015854226 0.746084452 1.036314011
0.747775137 -0.039381385 -0.662783146 -1.196734786 0.017131725 0.999051392 -0.040033247 0.105408542 0.663730979 0.018581247 0.747740626 1.046002269
0.749856710 -0.040310714 -0.660371065 -1.204992414 0.016585715 0.998973787 -0.042146653 0.106400430 0.661392391 0.020651229 0.749755800 1.055126429
0.751535714 -0.040977065 -0.658418596 -1.212982655 0.015526727 0.998891234 -0.044443980 0.107243113 0.659509659 0.023178155 0.751338601 1.064265251
0.753305256 -0.042137764 -0.656319737 -1.221655965 0.015068319 0.998789191 -0.046830367 0.108360656 0.657498419 0.025387926 0.753028095 1.073780775
0.754813969 -0.042813744 -0.654540122 -1.229662061 0.014222492 0.998701215 -0.048924115 0.109244026 0.655784726 0.027619416 0.754442632 1.082959294
0.756594896 -0.042450480 -0.652504385 -1.237712264 0.013432956 0.998688877 -0.049396619 0.110219710 0.653745830 0.028608171 0.756173253 1.092090368
0.759803712 -0.039431222 -0.648955822 -1.255013227 0.011577964 0.998821497 -0.047133829 0.111943863 0.650049448 0.028298872 0.759364665 1.111423969
0.761032343 -0.037781753 -0.647612870 -1.263201714 0.011008660 0.998910964 -0.045339838 0.112931028 0.648620546 0.027375730 0.760619342 1.121133208
0.762088120 -0.035203379 -0.646515608 -1.271192789 0.008994197 0.999000072 -0.043794472 0.113626137 0.647410870 0.027560361 0.761642694 1.130299449
0.763023198 -0.034136999 -0.645469010 -1.279136181 0.008490775 0.999047577 -0.042799614 0.114465050 0.646315336 0.027176566 0.762586355 1.139744759
0.764290690 -0.035022996 -0.643920124 -1.288423657 0.008712700 0.998993814 -0.043994151 0.115758322 0.644813001 0.028014040 0.763826787 1.150058985
0.765431881 -0.035902224 -0.642514706 -1.296472907 0.009224636 0.998952031 -0.044829749 0.116662793 0.643450856 0.028387152 0.764960945 1.159568548
0.766546190 -0.037573162 -0.641089141 -1.304414988 0.010114510 0.998869479 -0.046448216 0.117475085 0.642109513 0.029120395 0.766059637 1.168727279
0.767471373 -0.038105901 -0.639949679 -1.313035131 0.010459232 0.998843312 -0.046932843 0.118456535 0.640997887 0.029326232 0.766982198 1.178788304
0.768103063 -0.037864983 -0.639205635 -1.321004868 0.011254285 0.998894215 -0.045648318 0.119390443 0.640227258 0.027868817 0.767679870 1.188244700
0.768889368 -0.035823341 -0.638377368 -1.329090834 0.011517005 0.999043167 -0.042190973 0.120320328 0.639277995 0.025087997 0.768566370 1.197638869
0.769372404 -0.032653563 -0.637965381 -1.337609768 0.011101631 0.999225318 -0.037755925 0.121360660 0.638704062 0.021965908 0.769138873 1.207787037
0.769777179 -0.029714415 -0.637620687 -1.345618129 0.011145831 0.999389350 -0.033117585 0.122302607 0.638215303 0.018386343 0.769638181 1.217119098
0.770138204 -0.029378198 -0.637200177 -1.353655457 0.011999319 0.999429286 -0.031576097 0.123267762 0.637764215 0.016671989 0.770051181 1.226631522
0.770739198 -0.030297458 -0.636430025 -1.362320065 0.012686096 0.999400496 -0.032213483 0.124542125 0.637024462 0.016754378 0.770661473 1.236851335
0.771178663 -0.032105021 -0.635808706 -1.370083213 0.013893163 0.999338448 -0.033610217 0.125477895 0.636467159 0.017086089 0.771114469 1.246395350
0.771989167 -0.033744145 -0.634739399 -1.378108978 0.013506990 0.999235272 -0.036693942 0.126342088 0.635492265 0.019753903 0.771854579 1.255388618
0.772222340 -0.035605349 -0.634354115 -1.386405587 0.013741262 0.999130905 -0.039351985 0.127687514 0.635203958 0.021671647 0.772040367 1.265496254
0.772636771 -0.036060683 -0.633823276 -1.394259095 0.013296976 0.999085665 -0.040632740 0.128521949 0.634709001 0.022966420 0.772409856 1.274695873
0.773246288 -0.035779625 -0.633095562 -1.402379155 0.012329786 0.999066412 -0.041403320 0.129631922 0.633985877 0.024209032 0.772965550 1.283986807
0.773148954 -0.036225159 -0.633189142 -1.410557747 0.013281809 0.999073327 -0.040940005 0.130596936 0.634085417 0.023242831 0.772913635 1.294184208
0.773984909 -0.035314117 -0.632218540 -1.418818116 0.013044072 0.999120951 -0.039839324 0.131537229 0.633069634 0.022588328 0.773765147 1.303295016
0.773965299 -0.034871973 -0.632267177 -1.426440954 0.013347599 0.999159038 -0.038768534 0.132331401 0.633087337 0.021566248 0.773779929 1.312849402
0.773946762 -0.035597853 -0.632249355 -1.434510708 0.013964070 0.999135256 -0.039161179 0.133373737 0.633096695 0.021479893 0.773774624 1.322928190
0.774354219 -0.035837017 -0.631736696 -1.442167401 0.013500914 0.999103308 -0.040128089 0.134484529 0.632608354 0.022544334 0.774143636 1.332164049
0.774804175 -0.036145594 -0.631167233 -1.449920416 0.013733013 0.999090850 -0.040357504 0.135182738 0.632052183 0.022601336 0.774596095 1.341411114
0.775166094 -0.036781453 -0.630685747 -1.458409429 0.014115463 0.999062836 -0.040916018 0.136080354 0.631599605 0.022814294 0.774958968 1.351441741
0.775553644 -0.036963817 -0.630198598 -1.466512084 0.013240670 0.999017179 -0.042301968 0.137309104 0.631142855 0.024463192 0.775280774 1.360904217
0.775778651 -0.036024597 -0.629975975 -1.474328041 0.011894160 0.999026477 -0.042481460 0.138232231 0.630892932 0.025463175 0.775451958 1.370278597
0.775882363 -0.036061242 -0.629846275 -1.482537270 0.011714860 0.999016523 -0.042766657 0.139109254 0.630769014 0.025803333 0.775541544 1.380282998
0.776424408 -0.036556460 -0.629149318 -1.490660191 0.011309934 0.998963773 -0.044086944 0.140228912 0.630109012 0.027114537 0.776033163 1.389782429
0.776679873 -0.036610201 -0.628830791 -1.498349071 0.011072253 0.998948812 -0.044482753 0.141120404 0.629798353 0.027586278 0.776268721 1.399116993
0.776794493 -0.036252186 -0.628710032 -1.506892443 0.010274228 0.998938382 -0.044905819 0.142113417 0.629670560 0.028423076 0.776342154 1.409404159
0.777190924 -0.035560511 -0.628259361 -1.514870405 0.009144148 0.998934746 -0.045229558 0.143077880 0.629198432 0.029407093 0.776688218 1.418926120
0.777720153 -0.035685763 -0.627596855 -1.523012638 0.009107968 0.998922169 -0.045513060 0.144139290 0.628544629 0.029680291 0.777206957 1.428442478
0.778150201 -0.034957279 -0.627104700 -1.531369448 0.008633360 0.998950899 -0.044972651 0.145026654 0.628018916 0.029581450 0.777635634 1.438658595
0.778372109 -0.034900345 -0.626832247 -1.539448023 0.008634835 0.998954296 -0.044896755 0.145992354 0.627743721 0.029533790 0.777859628 1.448370099
0.779005051 -0.035170157 -0.626030564 -1.547518134 0.008825635 0.998941720 -0.045137938 0.146795452 0.626955569 0.029637566 0.778491080 1.458026528
0.779398024 -0.034846216 -0.625559092 -1.555670142 0.008408902 0.998943925 -0.045168459 0.147765666 0.626472473 0.029943943 0.778868079 1.468128443
0.779839516 -0.035002071 -0.625000179 -1.563616514 0.008744483 0.998947203 -0.045033474 0.148586810 0.625918508 0.029653573 0.779324591 1.478053093
0.780618310 -0.035613406 -0.623992622 -1.572089434 0.009516570 0.998936772 -0.045107484 0.149710953 0.624935687 0.029273460 0.780127287 1.488009095
0.780627847 -0.035291653 -0.623998821 -1.579943657 0.009750818 0.998970568 -0.044300672 0.150666833 0.624920070 0.028497837 0.780168533 1.497990251
0.781341791 -0.034642950 -0.623141170 -1.588071942 0.009544523 0.999004662 -0.043571092 0.151647329 0.624030411 0.028096328 0.780894816 1.507754207
0.781683564 -0.033869628 -0.622754812 -1.596097231 0.009464403 0.999053538 -0.042455554 0.152576581 0.623603344 0.027292810 0.781264305 1.517704129
0.782325387 -0.033651751 -0.621960282 -1.604416966 0.009938234 0.999086678 -0.041555855 0.153626367 0.622790694 0.026329018 0.781945348 1.527787089
0.782605350 -0.034018699 -0.621587873 -1.612245560 0.010755965 0.999095678 -0.041136991 0.154627800 0.622425139 0.025508255 0.782263517 1.537659645
0.783032238 -0.033082176 -0.621100664 -1.620337725 0.010487021 0.999144673 -0.039997071 0.155615255 0.621892631 0.024805503 0.782709599 1.547488689
0.783729970 -0.032797996 -0.620235085 -1.628587127 0.010396188 0.999157608 -0.039698761 0.156638861 0.621014655 0.024665030 0.783410788 1.557443619
0.784318805 -0.033373691 -0.619459629 -1.636511803 0.011247527 0.999152720 -0.039588973 0.157567769 0.620255947 0.024082985 0.784029663 1.567335486
0.784806490 -0.034809235 -0.618762493 -1.644297838 0.012381413 0.999102712 -0.040501785 0.158650637 0.619617105 0.024124915 0.784533322 1.576925755
0.785333812 -0.035527322 -0.618052304 -1.652590036 0.012507142 0.999058723 -0.041536286 0.159610391 0.618946195 0.024889788 0.785039067 1.587256908
0.785858870 -0.036375303 -0.617335260 -1.660392761 0.012959244 0.999018013 -0.042368311 0.160554066 0.618270159 0.025295315 0.785558522 1.596837878
0.786174655 -0.036590077 -0.616920233 -1.668005466 0.012939135 0.999001503 -0.042762607 0.161547065 0.617868960 0.025636468 0.785863042 1.606571078
0.786690712 -0.036705051 -0.616255164 -1.676112294 0.012400002 0.998968959 -0.043670624 0.162452146 0.617222726 0.026713710 0.786334813 1.616434216
0.786849499 -0.035629574 -0.616115451 -1.683997869 0.010848458 0.998976290 -0.043915469 0.163254976 0.617049396 0.027870962 0.786430597 1.626398325
0.787088156 -0.035451550 -0.615820885 -1.691824436 0.010612789 0.998977542 -0.043944765 0.164350271 0.616749167 0.028052829 0.786659658 1.635973215
0.787516415 -0.034745127 -0.615313411 -1.699924469 0.010365123 0.999015033 -0.043145798 0.165395066 0.616206527 0.027600227 0.787100792 1.645886898
0.788109481 -0.034448914 -0.614570260 -1.707810283 0.010919518 0.999058008 -0.041997936 0.166345835 0.615438163 0.026388157 0.787743270 1.655527353
0.788391769 -0.034492057 -0.614205718 -1.715716839 0.011504370 0.999078929 -0.041338488 0.167197764 0.615065932 0.025524870 0.788062453 1.665417433
0.788814008 -0.033857938 -0.613698661 -1.723476410 0.010361787 0.999072254 -0.041800644 0.168247461 0.614544570 0.026613919 0.788433015 1.675249815
0.789609909 -0.033066068 -0.612717450 -1.739194870 0.009009173 0.999064028 -0.042305611 0.170049429 0.613543034 0.027884854 0.789168894 1.695048690
0.790015757 -0.033476479 -0.612171829 -1.746971130 0.009246494 0.999045074 -0.042699844 0.170852304 0.613016903 0.028073102 0.789570987 1.704448462
0.789839208 -0.033798691 -0.612381995 -1.754606605 0.009071304 0.999014914 -0.043437801 0.171778440 0.613247037 0.028753774 0.789367795 1.714236259
0.789504647 -0.030479945 -0.612987161 -1.762473106 0.005754049 0.999089897 -0.042267367 0.172890127 0.613717437 0.029843129 0.788961470 1.724355102
0.789859593 -0.028367359 -0.612631381 -1.770361304 0.003765620 0.999135196 -0.041409116 0.174057603 0.613276124 0.030400448 0.789283276 1.733930707
0.790594876 -0.029336901 -0.611636400 -1.777668715 0.005536343 0.999153376 -0.040767785 0.174678504 0.612314403 0.028844576 0.790087938 1.743218780
0.790373743 -0.029365437 -0.611920774 -1.785924911 0.006288549 0.999186695 -0.039827462 0.175866753 0.612592697 0.027630484 0.789915621 1.753658891
0.790435076 -0.028741613 -0.611871123 -1.793649197 0.006868768 0.999251604 -0.038064852 0.176881164 0.612507284 0.025884995 0.790040970 1.763339996
0.791690588 -0.030725652 -0.610149086 -1.809512019 0.006975632 0.999123931 -0.041262366 0.178884268 0.610882342 0.028410850 0.791211367 1.782771349
0.791388631 -0.031883497 -0.610481501 -1.817083716 0.008704110 0.999125421 -0.040897701 0.179893047 0.611251473 0.027052268 0.790973902 1.793105483
0.791401744 -0.033077408 -0.610400915 -1.824813604 0.009379585 0.999074519 -0.041978594 0.180799782 0.611224532 0.027496625 0.790979445 1.802614689
0.791273952 -0.033679266 -0.610533595 -1.832271576 0.009972701 0.999059975 -0.042186812 0.181712463 0.611380517 0.027292658 0.790865958 1.812545776
0.791515887 -0.033706438 -0.610218287 -1.840583205 0.010370293 0.999074876 -0.041734260 0.182872802 0.611060441 0.026705189 0.791133285 1.822798014
0.791757524 -0.033478528 -0.609917402 -1.848349452 0.009986442 0.999072909 -0.041875582 0.183719724 0.610753834 0.027064405 0.791357815 1.832562447
0.791801929 -0.033160709 -0.609877050 -1.855577469 0.010221007 0.999104619 -0.041054174 0.184364393 0.610692263 0.026273221 0.791431963 1.841895461
0.791523039 -0.034406681 -0.610169947 -1.863914490 0.011080062 0.999057770 -0.041962292 0.185804069 0.611038864 0.026453407 0.791158438 1.852480173
0.791770041 -0.034014333 -0.609871387 -1.871430159 0.011023460 0.999081492 -0.041410435 0.186646193 0.610719681 0.026064657 0.791417837 1.862160921
0.791845620 -0.033958066 -0.609776378 -1.879196167 0.010799850 0.999075413 -0.041613378 0.187578768 0.610625744 0.026365880 0.791480362 1.872025609
0.791979373 -0.033688825 -0.609617531 -1.887606740 0.009994553 0.999058247 -0.042225819 0.188646421 0.610466003 0.027349135 0.791570246 1.882179260
0.792351484 -0.035147700 -0.609051526 -1.902804613 0.010095470 0.998957694 -0.044514962 0.190628439 0.609981418 0.029122833 0.791880429 1.901593208
0.792616069 -0.037191361 -0.608585656 -1.910685301 0.011764769 0.998885036 -0.045720678 0.191538066 0.609607458 0.029079078 0.792169929 1.911429882
0.792469859 -0.037640613 -0.608748436 -1.918837428 0.011989436 0.998862326 -0.046154581 0.192451358 0.609793186 0.029277565 0.792019606 1.921744347
0.792439461 -0.036672551 -0.608847022 -1.926618218 0.011421684 0.998908162 -0.045301225 0.193385839 0.609843552 0.028944423 0.791993082 1.931963682
0.792462230 -0.035423335 -0.608891368 -1.934186578 0.010275513 0.998945773 -0.044742018 0.194248363 0.609834373 0.029199695 0.791990757 1.941436648
0.792606056 -0.033961747 -0.608787477 -1.942558050 0.009428309 0.999010801 -0.043455590 0.195207238 0.609661043 0.028703326 0.792142272 1.951604128
0.792074025 -0.033893265 -0.609483361 -1.958296299 0.009562294 0.999023795 -0.043128535 0.197182238 0.610350132 0.028332941 0.791624784 1.971746802
0.792159498 -0.034265913 -0.609351516 -1.966395855 0.009200940 0.998979688 -0.044214766 0.198148787 0.610244930 0.029418536 0.791666389 1.981650949
0.792443931 -0.034621507 -0.608961403 -1.974147677 0.008722984 0.998928905 -0.045441221 0.199031651 0.609882355 0.030697659 0.791897178 1.991699219
0.792310119 -0.033966813 -0.609172404 -1.981871605 0.006984197 0.998888612 -0.046613108 0.199979007 0.610078573 0.032677453 0.791666746 2.001627207
0.792301416 -0.033957977 -0.609184146 -1.989924312 0.006303210 0.998852193 -0.047481477 0.201026157 0.610097289 0.033779822 0.791606069 2.011750221
0.792505920 -0.033319604 -0.608953297 -1.998112202 0.005237952 0.998841405 -0.047836006 0.202030569 0.609841704 0.034720652 0.791762292 2.021718264
0.792140067 -0.032441974 -0.609476566 -2.005935907 0.004291522 0.998857677 -0.047590718 0.202927366 0.610324204 0.035082936 0.791374385 2.031693459
0.791767895 -0.032431882 -0.609960437 -2.013531685 0.005126848 0.998907089 -0.046457384 0.203859746 0.610800564 0.033656284 0.791068852 2.041682243
0.791594625 -0.032136131 -0.610201001 -2.021414518 0.005587505 0.998954952 -0.045361310 0.204770237 0.611021042 0.032498267 0.790946960 2.051779270
0.791712344 -0.032120861 -0.610048890 -2.029823303 0.006268850 0.998991311 -0.044464193 0.205804408 0.610861838 0.031378549 0.791115105 2.062277317
0.791425169 -0.031795770 -0.610438585 -2.037343025 0.006145790 0.999009669 -0.044067245 0.206698984 0.611235201 0.031124299 0.790836811 2.071825266
0.791158080 -0.031397302 -0.610805273 -2.045028687 0.005543368 0.999008536 -0.044172008 0.207532123 0.611586511 0.031561118 0.790547788 2.081486225
0.790929794 -0.030901521 -0.611126125 -2.053035498 0.004828324 0.999008179 -0.044265829 0.208489493 0.611887932 0.032060448 0.790294528 2.091531277
0.790578008 -0.030605217 -0.611596107 -2.060973406 0.004680581 0.999023139 -0.043942332 0.209338024 0.612343490 0.031877212 0.789948940 2.101402521
0.790164411 -0.031642720 -0.612077594 -2.069021225 0.005793096 0.999007285 -0.044167299 0.210466623 0.612867594 0.031353597 0.789563358 2.111263037
0.789819479 -0.032859907 -0.612458527 -2.076832294 0.007194504 0.998991489 -0.044320405 0.211450756 0.613297164 0.030598778 0.789259315 2.121257067
0.789793551 -0.034088261 -0.612424791 -2.085052729 0.008002921 0.998942196 -0.045281548 0.212530434 0.613320529 0.030861892 0.789231002 2.131215334
0.789230764 -0.036633752 -0.613003075 -2.092596531 0.010643583 0.998885095 -0.045991082 0.213297620 0.614004493 0.029773030 0.788740814 2.140984535
