1.000000000 -0.000000000 0.000000000 0.000000007 -0.000000000 1.000000000 0.000000000 0.000000030 0.000000000 0.000000000 1.000000000 0.000000007
0.999991298 -0.002467660 -0.003361992 -0.002802441 0.002460263 0.999994576 -0.002202631 -0.005218293 0.003367409 0.002194341 0.999991894 0.666793108
0.999970555 -0.001462854 -0.007538208 -0.009935202 0.001436240 0.999992728 -0.003534757 -0.009830130 0.007543322 0.003523826 0.999965310 1.370359778
0.999934316 -0.001157590 -0.011402791 -0.024936950 0.001100680 0.999987006 -0.004995935 -0.011482932 0.011408427 0.004983056 0.999922514 2.069881201
0.999868274 0.000173178 -0.016233835 -0.046134602 -0.000266130 0.999983728 -0.005723843 -0.014116187 0.016232576 0.005727410 0.999851823 2.796690702
0.999785662 -0.000720588 -0.020692483 -0.059455905 0.000601525 0.999983251 -0.005759551 -0.027540149 0.020696288 0.005745869 0.999769270 3.533076763
0.999678850 0.000928449 -0.025325447 -0.083034478 -0.001107519 0.999974549 -0.007057649 -0.031629838 0.025318246 0.007083431 0.999654293 4.290110111
0.999548495 0.003733963 -0.029816534 -0.117835902 -0.003963944 0.999962866 -0.007657819 -0.042467397 0.029786833 0.007772552 0.999526024 5.046929836
0.999407053 0.003969880 -0.034202397 -0.147385165 -0.004174443 0.999973774 -0.005911634 -0.051000349 0.034178037 0.006050905 0.999397457 5.843129158
0.999242663 0.003398033 -0.038763575 -0.181915209 -0.003529736 0.999988198 -0.003329681 -0.057598155 0.038751807 0.003463984 0.999242842 6.643572330
0.999121428 0.003039708 -0.041797958 -0.225421533 -0.003067082 0.999995172 -0.000590784 -0.064506046 0.041795969 0.000718463 0.999125898 7.447513580
0.999004066 0.004401099 -0.044401713 -0.267348379 -0.004476975 0.999988675 -0.001609550 -0.069984235 0.044394121 0.001806733 0.999012470 8.267631531
0.998913407 0.003923674 -0.046438098 -0.313296556 -0.004016920 0.999990106 -0.001914789 -0.075140625 0.046430122 0.002099247 0.998919308 9.088400841
0.998845279 0.001364158 -0.048022233 -0.357171774 -0.001487939 0.999995649 -0.002541911 -0.081380792 0.048018556 0.002610430 0.998843074 9.916433334
0.998724878 0.000695471 -0.050480060 -0.394860566 -0.000768582 0.999998808 -0.001428911 -0.091632321 0.050479010 0.001465888 0.998723984 10.773139000
0.998641133 -0.000809167 -0.052109398 -0.440543681 0.000717282 0.999998152 -0.001781988 -0.098688319 0.052110754 0.001742190 0.998639762 11.623308182
0.998545289 0.001284938 -0.053904254 -0.492696285 -0.001502823 0.999990880 -0.004001730 -0.109069295 0.053898621 0.004076917 0.998538077 12.481812477
0.998482049 0.001806347 -0.055048484 -0.547499061 -0.002173033 0.999975860 -0.006602029 -0.119417749 0.055035230 0.006711630 0.998461902 13.349568367
0.998385191 0.005529517 -0.056538116 -0.607997179 -0.005985906 0.999950826 -0.007906061 -0.135407656 0.056491617 0.008231724 0.998369217 14.224843025
0.998313129 0.006762316 -0.057665300 -0.663621664 -0.007213017 0.999944985 -0.007611248 -0.145870611 0.057610650 0.008014349 0.998306990 15.119931221
0.998242378 0.005856526 -0.058973651 -0.721268177 -0.006225138 0.999962211 -0.006068674 -0.160633832 0.058935873 0.006425125 0.998241246 16.004966736
0.998168111 0.006409702 -0.060160894 -0.783672929 -0.006698491 0.999967039 -0.004599812 -0.171925336 0.060129423 0.004994372 0.998178184 16.902065277
0.998116076 0.006009772 -0.061058462 -0.843389213 -0.006296178 0.999970078 -0.004499371 -0.187659606 0.061029591 0.004875328 0.998124063 17.808483124
0.997994959 0.006252352 -0.062983483 -0.902029335 -0.006599901 0.999964178 -0.005311569 -0.202433288 0.062948011 0.005716604 0.998000383 18.719219208
0.997946799 0.004677271 -0.063877486 -0.966122746 -0.005059797 0.999970317 -0.005827977 -0.215894908 0.063848324 0.006139219 0.997940719 19.631647110
0.997899115 0.004367418 -0.064639725 -1.023036599 -0.004658313 0.999979734 -0.004350226 -0.225853741 0.064619415 0.004642199 0.997899115 20.550361633
0.997896910 0.006482861 -0.064496659 -1.087202549 -0.006567084 0.999977827 -0.001093906 -0.234995797 0.064488128 0.001515160 0.997917235 21.478828430
0.997950912 0.007669059 -0.063523427 -1.150760889 -0.007509795 0.999968052 0.002745561 -0.244848222 0.063542448 -0.002262887 0.997976482 22.411174774
0.998066187 0.006622362 -0.061806962 -1.215215206 -0.006301693 0.999965668 0.005381733 -0.248363107 0.061840471 -0.004981835 0.998073518 23.341730118
0.998157263 0.006369620 -0.060345579 -1.273558497 -0.005989321 0.999961078 0.006480816 -0.257560849 0.060384519 -0.006107443 0.998156488 24.290487289
0.998240173 0.006824173 -0.058906555 -1.330967546 -0.006630303 0.999972045 0.003485971 -0.263091743 0.058928691 -0.003089268 0.998257399 25.236007690
0.998274028 0.007349736 -0.058265544 -1.388871431 -0.007436042 0.999971569 -0.001264585 -0.267844439 0.058254592 0.001695668 0.998300314 26.176239014
0.998356283 0.007011341 -0.056881282 -1.443049550 -0.007247003 0.999966025 -0.003937856 -0.282956541 0.056851730 0.004343601 0.998373091 27.123693466
0.998396397 0.004312696 -0.056444183 -1.492911100 -0.004495698 0.999985039 -0.003115606 -0.291019678 0.056429900 0.003364366 0.998400807 28.081403732
0.998420954 0.002671747 -0.056109168 -1.557712913 -0.002576247 0.999995112 0.001774283 -0.300065726 0.056113619 -0.001626930 0.998422980 29.060409546
0.998377979 -0.000984842 -0.056924958 -1.609582305 0.001306138 0.999983430 0.005607281 -0.314559639 0.056918491 -0.005672537 0.998362720 30.021368027
0.998273492 -0.008507842 -0.058118712 -1.657274961 0.008807980 0.999949217 0.004909980 -0.320390105 0.058073990 -0.005413411 0.998297572 30.997344971
0.998176932 -0.010556201 -0.059426110 -1.714378476 0.010639790 0.999942839 0.001090350 -0.326243222 0.059411205 -0.001720643 0.998232007 31.969545364
0.998103023 -0.010282900 -0.060701936 -1.776765108 0.010112115 0.999944091 -0.003120023 -0.330918014 0.060730617 0.002500279 0.998150945 32.940471649
0.998022676 -0.008863358 -0.062227312 -1.861262798 0.008639417 0.999955237 -0.003866901 -0.338750422 0.062258799 0.003321646 0.998054385 33.929443359
0.997934461 -0.009160068 -0.063582584 -1.905343771 0.009051283 0.999957025 -0.001998771 -0.359956920 0.063598163 0.001419138 0.997974515 34.920623779
0.997863889 -0.006047253 -0.065046646 -1.974119306 0.006115934 0.999980927 0.000856774 -0.372315854 0.065040216 -0.001252764 0.997881889 35.919750214
0.997788429 -0.006442389 -0.066156119 -2.042412758 0.006611403 0.999975443 0.002336186 -0.385253996 0.066139452 -0.002768404 0.997806489 36.904403687
0.997732639 -0.005324578 -0.067090496 -2.112568855 0.005668645 0.999971807 0.004939105 -0.392171115 0.067062296 -0.005308219 0.997734606 37.881031036
0.997735322 -0.005325070 -0.067052357 -2.177010536 0.005872720 0.999951124 0.007973063 -0.400663555 0.067006618 -0.008348783 0.997717559 38.879013062
0.997708440 0.000297144 -0.067660205 -2.254630089 0.000385183 0.999949276 0.010071369 -0.398063838 0.067659758 -0.010074348 0.997657537 39.871582031
0.997702777 0.000442502 -0.067742944 -2.334099770 0.000188463 0.999956667 0.009307420 -0.401509553 0.067744136 -0.009298802 0.997659326 40.861606598
0.997702122 0.000210278 -0.067753822 -2.394438982 0.000344382 0.999966562 0.008174622 -0.413157046 0.067753255 -0.008179168 0.997668564 41.854564667
0.997706532 0.002632758 -0.067637540 -2.474741220 -0.002238332 0.999980152 0.005906592 -0.415622085 0.067651741 -0.005741649 0.997692406 42.847938538
0.997670650 0.001867324 -0.068191499 -2.554064274 -0.001464607 0.999981165 0.005955186 -0.419491917 0.068201341 -0.005841437 0.997654498 43.826618195
0.997575760 -0.000307173 -0.069589116 -2.616135359 0.000800183 0.999974847 0.007056809 -0.427546740 0.069585219 -0.007095387 0.997550726 44.817188263
0.997515261 0.000142647 -0.070451364 -2.686860085 0.000422894 0.999967873 0.008012427 -0.432604611 0.070450239 -0.008022311 0.997483015 45.804019928
0.997528136 0.003247492 -0.070193894 -2.769716501 -0.002934294 0.999985337 0.004564543 -0.448607862 0.070207685 -0.004347290 0.997522891 46.778705597
0.997432590 0.003014645 -0.071547374 -2.836167812 -0.002986661 0.999995410 0.000498103 -0.450877190 0.071548529 -0.000283137 0.997437000 47.736690521
0.997380137 0.004241446 -0.072214372 -2.914598465 -0.004318700 0.999990284 -0.000913678 -0.457242072 0.072209783 0.001223156 0.997388721 48.703044891
0.997387588 0.002890354 -0.072177336 -2.992953539 -0.002667012 0.999991298 0.003190542 -0.478310168 0.072185934 -0.002989709 0.997386634 49.675842285
0.997357249 0.000626906 -0.072651118 -3.049422264 -0.000196175 0.999982357 0.005935743 -0.480998307 0.072653547 -0.005905805 0.997339666 50.648544312
0.997333229 -0.001001527 -0.072976775 -3.119913101 0.001495117 0.999976456 0.006709346 -0.492417306 0.072968319 -0.006800561 0.997311115 51.610008240
0.997300267 -0.004325240 -0.073304869 -3.189153194 0.004745007 0.999973416 0.005553124 -0.499809951 0.073278874 -0.005885964 0.997294009 52.572280884
0.997272372 -0.007645533 -0.073413208 -3.253026485 0.008007639 0.999957204 0.004639352 -0.513594210 0.073374607 -0.005214564 0.997290790 53.508289337
0.997188687 -0.009167655 -0.074368812 -3.325486660 0.009620336 0.999937296 0.005731011 -0.520637512 0.074311599 -0.006430353 0.997214317 54.459510803
0.997031093 -0.012741668 -0.075939499 -3.388203144 0.013535790 0.999858975 0.009951768 -0.524433196 0.075801983 -0.010950122 0.997062743 55.413162231
0.997008622 -0.012852134 -0.076216392 -3.464627266 0.014003272 0.999795556 0.014588355 -0.524759412 0.076013312 -0.015611992 0.996984482 56.359306335
0.996995151 -0.011204134 -0.076650605 -3.544891357 0.012512857 0.999783754 0.016614966 -0.521901906 0.076447867 -0.017524159 0.996919453 57.308353424
0.996913373 -0.009712277 -0.077907190 -3.623914957 0.010705720 0.999866545 0.012344072 -0.521240354 0.077776894 -0.013140022 0.996884108 58.238800049
0.996805906 -0.008347658 -0.079426177 -3.701305151 0.008758028 0.999950051 0.004819696 -0.527642846 0.079381965 -0.005499920 0.996829033 59.162437439
0.996744335 -0.006905495 -0.080330074 -3.778549671 0.006951284 0.999975801 0.000290358 -0.540249050 0.080326118 -0.000847810 0.996768236 60.072692871
0.996715486 -0.001581804 -0.080968171 -3.865355968 0.001666819 0.999998152 0.000982395 -0.549155951 0.080966465 -0.001114127 0.996716142 60.972122192
0.996601641 0.000900403 -0.082368620 -3.948196411 -0.000580093 0.999992132 0.003912582 -0.566517830 0.082371511 -0.003851503 0.996594131 61.874259949
0.996506989 0.003603505 -0.083431154 -4.023269653 -0.003200168 0.999982655 0.004967594 -0.575522780 0.083447590 -0.004683249 0.996501148 62.755596161
0.996392667 0.003954602 -0.084770337 -4.098965168 -0.003567700 0.999982536 0.004715139 -0.582343221 0.084787488 -0.004395695 0.996389389 63.623767853
0.996271670 0.005775917 -0.086077549 -4.180995464 -0.005308058 0.999969900 0.005663214 -0.593081951 0.086107664 -0.005185195 0.996272266 64.473083496
0.996136904 0.006796100 -0.087550446 -4.259693146 -0.006266627 0.999960423 0.006321055 -0.604282320 0.087589934 -0.005747990 0.996139944 65.314537048
0.996012866 0.006333925 -0.088984966 -4.333032131 -0.005748187 0.999960124 0.006837162 -0.615224242 0.089024700 -0.006298398 0.996009469 66.132263184
0.995908797 0.005836232 -0.090174846 -4.408229351 -0.005157953 0.999956667 0.007753014 -0.617893577 0.090216175 -0.007256177 0.995895743 66.942031860
0.995763659 0.008942174 -0.091514058 -4.485933304 -0.008010685 0.999912381 0.010540925 -0.626347899 0.091600291 -0.009763177 0.995747983 67.737281799
0.995621145 0.010643558 -0.092873007 -4.564843655 -0.009324639 0.999849677 0.014623718 -0.631018400 0.093014672 -0.013693675 0.995570600 68.526008606
0.995438278 0.013562440 -0.094439447 -4.650222301 -0.012074981 0.999794185 0.016304130 -0.632650852 0.094641112 -0.015089400 0.995397210 69.309425354
0.995262504 0.016577957 -0.095800407 -4.729446411 -0.015485170 0.999806464 0.012139147 -0.638637066 0.095983103 -0.010598155 0.995326579 70.056159973
0.995118022 0.016216662 -0.097350180 -4.797234535 -0.015788430 0.999862075 0.005167643 -0.650612712 0.097420521 -0.003605409 0.995236754 70.783927917
0.994987547 0.015641998 -0.098767810 -4.870759010 -0.015781602 0.999875307 -0.000632286 -0.657477438 0.098745599 0.002187831 0.995110273 71.492057800
0.994935036 0.016489139 -0.099158637 -4.945748329 -0.016772276 0.999857366 -0.002022411 -0.660886407 0.099111125 0.003675283 0.995069504 72.183876038
0.994824946 0.018816773 -0.099846207 -5.023795128 -0.018755306 0.999823093 0.001554291 -0.669040024 0.099857755 0.000326399 0.995001674 72.861274719
0.994685531 0.019329388 -0.101129547 -5.098077297 -0.019030318 0.999811411 0.003921257 -0.684773088 0.101186261 -0.001975890 0.994865537 73.515525818
0.994645000 0.016186779 -0.102075130 -5.161320686 -0.016197212 0.999868691 0.000726709 -0.697270513 0.102073468 0.000930515 0.994776487 74.141761780
0.994725168 0.007842007 -0.102275491 -5.212033272 -0.008351290 0.999954820 -0.004552267 -0.708405912 0.102235176 0.005382386 0.994745672 74.762092590
0.994843423 0.003903727 -0.101347946 -5.266219139 -0.004884634 0.999943674 -0.009432247 -0.714345336 0.101305410 0.009878655 0.994806290 75.354331970
0.995125532 0.005901011 -0.098439358 -5.324737072 -0.006853191 0.999933004 -0.009337427 -0.730087161 0.098377660 0.009966535 0.995099187 75.938262939
0.995483458 0.011330302 -0.094256245 -5.388020039 -0.011976576 0.999908507 -0.006293685 -0.740387678 0.094176307 0.007394125 0.995528042 76.509582520
0.995949805 0.009680161 -0.089388832 -5.441467762 -0.009982151 0.999945939 -0.002931949 -0.757268846 0.089355610 0.003812366 0.995992482 77.054840088
0.996473312 0.006209700 -0.083682485 -5.471527100 -0.006182180 0.999980807 0.000587983 -0.762471735 0.083684534 -0.000068569 0.996492207 77.598915100
0.997159600 0.001800191 -0.075297199 -5.506185532 -0.001495848 0.999990523 0.004098103 -0.775299549 0.075303853 -0.003973829 0.997152627 78.129562378
0.997867823 0.005276304 -0.065054268 -5.533920765 -0.005018653 0.999978960 0.004123325 -0.785000801 0.065074652 -0.003788049 0.997873187 78.641929626
0.998705506 0.010628162 -0.049744438 -5.563177109 -0.010461595 0.999938726 0.003607612 -0.792798162 0.049779739 -0.003082535 0.998755395 79.151977539
0.999388337 0.015624986 -0.031288374 -5.579649925 -0.015513545 0.999872386 0.003801367 -0.793071389 0.031343788 -0.003313648 0.999503136 79.635276794
0.999858201 0.013910169 -0.009493751 -5.564834118 -0.013865101 0.999892354 0.004796345 -0.805760741 0.009559449 -0.004664031 0.999943435 80.117675781
0.999799371 0.010501313 0.017063076 -5.539240837 -0.010598822 0.999927998 0.005634193 -0.809852004 -0.017002679 -0.005813910 0.999838531 80.584159851
0.998897731 0.009173346 0.046035852 -5.487762451 -0.009519524 0.999927938 0.007306159 -0.818180442 -0.045965515 -0.007736343 0.998913109 81.042732239
0.996798038 0.008774010 0.079477638 -5.438468456 -0.009527236 0.999913156 0.009102963 -0.829808652 -0.079390861 -0.009831017 0.996795118 81.493728638
0.993100047 0.008768825 0.116942473 -5.361517906 -0.009937298 0.999906421 0.009412540 -0.831380665 -0.116848968 -0.010509685 0.993094146 81.932044983
0.987344146 0.008491983 0.158364952 -5.272562981 -0.010104937 0.999904931 0.009382597 -0.838201404 -0.158270210 -0.010864120 0.987335980 82.322486877
0.979018748 0.008132357 0.203608334 -5.159345627 -0.010226654 0.999905109 0.009235867 -0.842457354 -0.203513891 -0.011124318 0.979008794 82.738433838
0.967578292 0.010314776 0.252360672 -5.025932312 -0.012611656 0.999892533 0.007485704 -0.853623629 -0.252256304 -0.010425690 0.967604220 83.134757996
0.952018261 0.010947277 0.305845261 -4.881206512 -0.013053956 0.999903142 0.004843588 -0.863593340 -0.305762589 -0.008603673 0.952068925 83.512466431
0.932231665 0.012337097 0.361651897 -4.692071915 -0.014024370 0.999899507 0.002040915 -0.858704031 -0.361590415 -0.006974546 0.932310939 83.897056580
0.907996237 0.011974833 0.418807149 -4.500835419 -0.013458363 0.999909163 0.000588324 -0.869045913 -0.418762088 -0.006170652 0.908074975 84.233299255
0.879043639 0.012251623 0.476583779 -4.279632568 -0.012985258 0.999914110 -0.001754074 -0.870239079 -0.476564407 -0.004646655 0.879127264 84.559646606
0.846015573 0.010338709 0.533057988 -4.042076111 -0.009890878 0.999944329 -0.003696211 -0.877173662 -0.533066511 -0.002145360 0.846070588 84.832786560
0.808969140 0.010015837 0.587765932 -3.785964966 -0.008666750 0.999949396 -0.005111215 -0.883394003 -0.587787271 -0.000959206 0.809014857 85.120292664
0.768969774 0.008783060 0.639224827 -3.509010315 -0.008131758 0.999959230 -0.003957330 -0.894775510 -0.639233530 -0.002154954 0.769009650 85.390350342
0.726610243 0.008302565 0.686999738 -3.211696625 -0.009863717 0.999950051 -0.001652215 -0.901610792 -0.686979055 -0.005575855 0.726655722 85.638366699
0.681860328 0.007010145 0.731448829 -2.909858704 -0.008477600 0.999962807 -0.001680700 -0.906574726 -0.731433392 -0.005054928 0.681894183 85.852027893
0.635917723 0.005327784 0.771738410 -2.584274292 -0.004483125 0.999984920 -0.003209382 -0.910101175 -0.771743894 -0.001418899 0.635931849 86.051498413
0.588929117 0.002819702 0.808179855 -2.248817444 0.001545605 0.999988198 -0.004615210 -0.909596384 -0.808183312 0.003967157 0.588917613 86.241630554
0.542869329 0.004700672 0.839803994 -1.914554596 -0.000994857 0.999987364 -0.004954171 -0.924390137 -0.839816630 0.001853982 0.542867005 86.403182983
0.496581703 0.007405519 0.867958426 -1.593498230 -0.003946311 0.999972522 -0.006274091 -0.932960033 -0.867981017 -0.000309635 0.496597260 86.532325745
0.451525062 0.009697554 0.892205715 -1.247554779 -0.004717337 0.999952912 -0.008481340 -0.938585639 -0.892245948 -0.000379297 0.451549530 86.664314270
0.409036875 0.007467399 0.912487328 -0.893474579 0.002475762 0.999953747 -0.009292986 -0.940404058 -0.912514448 0.006060275 0.408999443 86.777267456
0.369519114 -0.000950752 0.929222703 -0.524593353 0.017509975 0.999829054 -0.005940106 -0.951214850 -0.929058194 0.018465647 0.369472623 86.866439819
0.333830923 -0.004539240 0.942622066 -0.156885147 0.021623801 0.999762058 -0.002843701 -0.954372942 -0.942384899 0.021332389 0.333849669 86.966087341
0.301034212 -0.000325842 0.953613341 0.212461472 0.018866928 0.999806225 -0.005614239 -0.959391892 -0.953426659 0.019681834 0.300982028 87.060089111
0.269576401 0.007884798 0.962946713 0.564477921 0.007657138 0.999917269 -0.010331134 -0.966930032 -0.962948501 0.010158445 0.269493788 87.163490295
0.241292924 0.012373004 0.970373511 0.943782806 0.002625897 0.999906719 -0.013402533 -0.982384562 -0.970448673 0.005782036 0.241237983 87.245933533
0.215638369 0.014024393 0.976372600 1.333185196 0.003836616 0.999877036 -0.015209349 -0.997007608 -0.976465821 0.007025684 0.215558067 87.309623718
0.191828847 0.015312519 0.981308937 1.744358063 0.011270006 0.999777973 -0.017803803 -1.007192850 -0.981363714 0.014474642 0.191613689 87.370903015
0.172185361 0.021532118 0.984829128 2.156955719 0.018295685 0.999518752 -0.025052063 -1.005192637 -0.984894633 0.022331724 0.171708584 87.408119202
0.152360156 0.028364656 0.987917960 2.575724602 0.020562109 0.999280691 -0.031862065 -0.999772429 -0.988111079 0.025168180 0.151667312 87.464248657
0.134838700 0.028740104 0.990450680 3.010499954 0.018009681 0.999343038 -0.031449955 -1.014591336 -0.990703762 0.022078369 0.134232506 87.516151428
0.119401887 0.024774322 0.992536902 3.473345757 0.016080523 0.999509215 -0.026882842 -1.034049273 -0.992715776 0.019170372 0.118944898 87.569427490
0.104933575 0.021510320 0.994246542 3.944029808 0.016564930 0.999589503 -0.023374191 -1.051992893 -0.994341254 0.018922361 0.104534179 87.610687256
0.091881320 0.019246427 0.995584011 4.426318169 0.019021483 0.999596894 -0.021079477 -1.063903809 -0.995588243 0.020874294 0.091478176 87.641563416
0.080109894 0.018159706 0.996620595 4.919409275 0.022602074 0.999543846 -0.020029763 -1.080259681 -0.996529758 0.024130272 0.079662919 87.668968201
0.069823124 0.018878968 0.997380674 5.438308239 0.025673216 0.999455690 -0.020715538 -1.095038891 -0.997228980 0.027052397 0.069300443 87.701484680
0.061966382 0.019519284 0.997887373 5.962235928 0.028013125 0.999380827 -0.021288047 -1.105325460 -0.997685015 0.029273080 0.061381213 87.726188660
0.056479786 0.019825323 0.998206913 6.510903358 0.029769605 0.999324799 -0.021531928 -1.119430542 -0.997959793 0.030932337 0.055851456 87.751770020
0.050816096 0.020802392 0.998491347 7.075665474 0.031132141 0.999264181 -0.022402896 -1.135356903 -0.998222768 0.032223601 0.050131075 87.778076172
0.045086514 0.021659188 0.998748302 7.661481857 0.031838417 0.999225914 -0.023106826 -1.145710945 -0.998475611 0.032840360 0.044362020 87.797065735
0.040534761 0.021482745 0.998947203 8.265058517 0.034412406 0.999145806 -0.022883382 -1.162713051 -0.998585224 0.035303753 0.039760869 87.817085266
0.037720725 0.021660674 0.999053597 8.883899689 0.035895016 0.999090493 -0.023016741 -1.178335071 -0.998643339 0.036729250 0.036908910 87.835990906
0.034553580 0.021192459 0.999178171 9.522180557 0.036837660 0.999068677 -0.022464057 -1.195127368 -0.998723686 0.037583601 0.033740725 87.855491638
0.032237109 0.020433614 0.999271393 10.175299644 0.038753070 0.999013782 -0.021678545 -1.214320064 -0.998728633 0.039423682 0.031413440 87.874359131
0.031714927 0.020151921 0.999293804 10.852292061 0.043559648 0.998818874 -0.021524815 -1.230824113 -0.998547196 0.044211537 0.030799659 87.887245178
0.032746926 0.019754248 0.999268591 11.543487549 0.046809502 0.998677194 -0.021276556 -1.246867537 -0.998366952 0.047471985 0.031778924 87.903564453
0.035200339 0.019690996 0.999186277 12.247253418 0.048507512 0.998593867 -0.021388190 -1.262984872 -0.998202384 0.049220908 0.034195676 87.926597595
0.038672809 0.019500399 0.999061644 12.973258972 0.050936133 0.998471379 -0.021460574 -1.284516573 -0.997952938 0.051718283 0.037620414 87.958427429
0.043406717 0.018960949 0.998877525 13.710172653 0.051596910 0.998443067 -0.021194872 -1.306335688 -0.997724235 0.052458987 0.042360798 87.983963013
0.047147524 0.017385377 0.998736620 14.462852478 0.053066008 0.998393118 -0.019884491 -1.324349642 -0.997477353 0.053936474 0.046149172 88.025749207
0.050978601 0.015632531 0.998577476 15.235319138 0.052718174 0.998441339 -0.018321732 -1.344530106 -0.997307420 0.053577188 0.050075017 88.072433472
0.055346757 0.013614530 0.998374403 16.022937775 0.050116625 0.998608887 -0.016396035 -1.361080170 -0.997208655 0.050942618 0.054587431 88.122299194
0.059182066 0.012644642 0.998167098 16.806255341 0.048973437 0.998678982 -0.015554797 -1.381919146 -0.997045100 0.049804237 0.058484629 88.171081543
0.063098773 0.013768051 0.997912347 17.607530594 0.046339523 0.998786032 -0.016710190 -1.399266958 -0.996930838 0.047297165 0.062384162 88.234237671
0.066029631 0.017610675 0.997662246 18.404872894 0.044031959 0.998818874 -0.020545319 -1.427583218 -0.996845722 0.045285616 0.065176196 88.293548584
0.067720875 0.022899106 0.997441530 19.197128296 0.038000483 0.998951912 -0.025513811 -1.452737093 -0.996980369 0.039631065 0.066779725 88.354255676
0.067699835 0.026070395 0.997365057 20.026062012 0.035367399 0.998967528 -0.028512977 -1.478554249 -0.997078657 0.037204530 0.066707909 88.413780212
0.067531221 0.026125837 0.997375071 20.834720612 0.033164624 0.999045849 -0.028415147 -1.500525951 -0.997165740 0.034996483 0.066600338 88.484199524
0.067277350 0.024607606 0.997430801 21.645828247 0.030257432 0.999185741 -0.026691781 -1.529850245 -0.997275412 0.031975452 0.066477999 88.546295166
0.067163922 0.023127200 0.997473896 22.472312927 0.030886462 0.999204040 -0.025247021 -1.566995621 -0.997263730 0.032504123 0.066396140 88.606346130
0.067853592 0.021704786 0.997459233 23.299808502 0.028354470 0.999317586 -0.023674075 -1.608066082 -0.997292280 0.029888792 0.067191839 88.664840698
0.068081394 0.022056488 0.997435927 24.113613129 0.026735500 0.999356270 -0.023923816 -1.637085915 -0.997321486 0.028295714 0.067447856 88.726364136
0.068418346 0.022748865 0.997397423 24.930839539 0.023607016 0.999423146 -0.024414437 -1.666947603 -0.997377455 0.025215965 0.067841843 88.786087036
0.067170002 0.023914186 0.997454941 25.733367920 0.020628406 0.999465764 -0.025351539 -1.701805472 -0.997528195 0.022278765 0.066640794 88.847297668
0.064099558 0.023839220 0.997658789 26.555847168 0.018516619 0.999514103 -0.025073253 -1.726059675 -0.997771680 0.020080455 0.063626997 88.908035278
0.060424618 0.022572035 0.997917593 27.367099762 0.015978072 0.999594390 -0.023577452 -1.755913734 -0.998044848 0.017369460 0.060039442 88.961830139
0.055175632 0.019693291 0.998282492 28.182407379 0.014250326 0.999688148 -0.020508649 -1.789484501 -0.998374999 0.015357428 0.054877792 89.014968872
0.049453933 0.018188970 0.998610795 28.994062424 0.012119979 0.999749660 -0.018809929 -1.810032010 -0.998702824 0.013033363 0.049221106 89.054397583
0.041594733 0.018601229 0.998961449 29.796791077 0.011735072 0.999748647 -0.019104512 -1.835908651 -0.999065638 0.012517529 0.041365985 89.092582703
0.033379007 0.019341957 0.999255717 30.603984833 0.011240028 0.999742210 -0.019726837 -1.864152908 -0.999379575 0.011890122 0.033153005 89.114578247
0.023141630 0.019775877 0.999536574 31.398714066 0.011889113 0.999728203 -0.020054933 -1.890368581 -0.999661446 0.012347707 0.022900224 89.136917114
0.013036487 0.019037519 0.999733686 32.199546814 0.013169779 0.999728739 -0.019209156 -1.913168669 -0.999828219 0.013416693 0.012782229 89.144531250
0.002063831 0.018067991 0.999834597 32.993690491 0.012185012 0.999762177 -0.018091831 -1.941330791 -0.999923587 0.012220336 0.001843182 89.148033142
-0.009117390 0.017022746 0.999813557 33.783008575 0.013450609 0.999766767 -0.016899293 -1.965875864 -0.999867976 0.013294023 -0.009344229 89.137367249
-0.019965284 0.017329505 0.999650478 34.565544128 0.013408828 0.999764562 -0.017063681 -1.990530491 -0.999710858 0.013063460 -0.020192947 89.118034363
-0.031178195 0.018224090 0.999347746 35.338127136 0.013594373 0.999749064 -0.017807284 -2.015069008 -0.999421418 0.013030306 -0.031418111 89.092842102
-0.041608132 0.018935852 0.998954475 36.106994629 0.013462363 0.999740303 -0.018390015 -2.044673443 -0.999043345 0.012683114 -0.041852240 89.057510376
-0.052276187 0.020227479 0.998427749 36.872547150 0.014002383 0.999711394 -0.019520342 -2.065485716 -0.998534501 0.012959920 -0.052544329 89.019569397
-0.061451908 0.020879244 0.997891605 37.632957458 0.015117267 0.999686062 -0.019985843 -2.094245195 -0.997995555 0.013857225 -0.061748244 88.962203979
-0.071257971 0.021338772 0.997229695 38.393630981 0.015644547 0.999672115 -0.020273138 -2.115783691 -0.997335255 0.014156584 -0.071568437 88.914909363
-0.080623910 0.021756014 0.996507227 39.133445740 0.016393881 0.999655545 -0.020498376 -2.141642570 -0.996609867 0.014683961 -0.080952786 88.854804993
-0.089134172 0.021267110 0.995792568 39.865592957 0.017783981 0.999646664 -0.019757560 -2.164014816 -0.995860875 0.015948083 -0.089480877 88.783187866
-0.096654490 0.019970305 0.995117664 40.592666626 0.019326238 0.999647915 -0.018184086 -2.190331697 -0.995130420 0.017474307 -0.097006381 88.713928223
-0.101555914 0.018495593 0.994657874 41.331310272 0.022594417 0.999612153 -0.016280796 -2.216445446 -0.994573176 0.020820305 -0.101934418 88.623016357
-0.105009012 0.017050300 0.994325161 42.037101746 0.026095754 0.999556065 -0.014384067 -2.236008883 -0.994128823 0.024437204 -0.105407320 88.536903381
-0.107781135 0.016065091 0.994044840 42.744949341 0.027370578 0.999538422 -0.013186169 -2.255979061 -0.993797779 0.025786361 -0.108171076 88.461318970
-0.109728537 0.014934645 0.993849337 43.430656433 0.027224373 0.999557197 -0.012014639 -2.279647827 -0.993588567 0.025738580 -0.110086516 88.389991760
-0.110448338 0.015399304 0.993762612 44.096778870 0.028570957 0.999515951 -0.012313039 -2.299586058 -0.993471086 0.027032793 -0.110834852 88.313392639
-0.109252132 0.016181994 0.993882418 44.749607086 0.028968366 0.999494672 -0.013089035 -2.320088863 -0.993591845 0.027361143 -0.109665692 88.240272522
-0.105887830 0.018031912 0.994214535 45.367195129 0.030451113 0.999425471 -0.014883256 -2.338930368 -0.993911624 0.028698986 -0.106376052 88.169029236
-0.101101436 0.018548571 0.994703233 45.998069763 0.030795176 0.999405384 -0.015506238 -2.357616663 -0.994399309 0.029064357 -0.101612538 88.109542847
-0.092741668 0.019367632 0.995501876 46.595932007 0.030448519 0.999398351 -0.016606832 -2.374395132 -0.995224416 0.028771412 -0.093275584 88.054039001
-0.081856102 0.019053617 0.996462107 47.174030304 0.028997025 0.999439538 -0.016728539 -2.400169849 -0.996222258 0.027525099 -0.082362726 88.021705627
-0.067855582 0.019429607 0.997506082 47.733776093 0.028314346 0.999445140 -0.017541286 -2.420433283 -0.997293234 0.027053453 -0.068368077 87.987640381
-0.051489577 0.020392254 0.998465359 48.262893677 0.026981417 0.999454916 -0.019021068 -2.447885752 -0.998308897 0.025960624 -0.052011736 87.984359741
-0.030129151 0.023101009 0.999279141 48.790660858 0.025186626 0.999432981 -0.022345172 -2.468087196 -0.999228597 0.024495225 -0.030693904 87.982780457
-0.005365252 0.026164511 0.999643266 49.316024780 0.023221288 0.999391317 -0.026033288 -2.489495277 -0.999715865 0.023073327 -0.005969558 87.998374939
0.022836315 0.028095879 0.999344289 49.824676514 0.021294815 0.999364555 -0.028583061 -2.507486820 -0.999512255 0.021933584 0.022223508 88.031303406
0.055578344 0.027438691 0.998077273 50.337364197 0.018519247 0.999422014 -0.028506912 -2.531709909 -0.998282552 0.020068005 0.055038072 88.084953308
0.094451033 0.024934310 0.995217264 50.815086365 0.018219737 0.999475479 -0.026770143 -2.551925659 -0.995362699 0.020661065 0.093947209 88.132797241
0.136604786 0.021486318 0.990392625 51.346027374 0.016232640 0.999581993 -0.023924643 -2.567456722 -0.990492582 0.019344905 0.136198878 88.232765198
0.182231545 0.017027101 0.983108222 51.836120605 0.013601385 0.999710739 -0.019835837 -2.589460373 -0.983161509 0.016986348 0.181947216 88.346618652
0.230849102 0.014086852 0.972887576 52.319938660 0.009094756 0.999820232 -0.016634844 -2.603546858 -0.972947001 0.012688313 0.230679542 88.488327026
0.282170802 0.012334451 0.959284902 52.787910461 0.005534192 0.999879837 -0.014484286 -2.622345448 -0.959348142 0.009395909 0.282068610 88.663650513
0.337147057 0.011865414 0.941377282 53.231048584 0.003816613 0.999895096 -0.013969880 -2.642589569 -0.941444278 0.008302772 0.337066442 88.853858948
0.393108338 0.012687074 0.919404626 53.654045105 0.006843633 0.999836802 -0.016723098 -2.653552771 -0.919466674 0.012866057 0.392957300 89.084228516
0.453575492 0.015246892 0.891087413 54.071372986 0.008115201 0.999741554 -0.021236761 -2.675468206 -0.891180992 0.016863825 0.453334510 89.322708130
0.513500571 0.018763278 0.857884049 54.466918945 0.008480546 0.999601185 -0.026939023 -2.693844795 -0.858047366 0.021108530 0.513136625 89.592185974
0.572416723 0.023459433 0.819627285 54.824123383 0.005320531 0.999463379 -0.032322504 -2.694995642 -0.819945633 0.022862796 0.571984708 89.876014709
0.625759959 0.026774796 0.779556036 55.148159027 0.001345213 0.999372184 -0.035404470 -2.704247236 -0.780014515 0.023203369 0.625330985 90.221542358
0.678930104 0.026759824 0.733715057 55.470733643 -0.000289008 0.999345303 -0.036180373 -2.732147455 -0.734202802 0.024351899 0.678493202 90.564384460
0.727305591 0.024813890 0.685864985 55.750343323 -0.000525829 0.999366105 -0.035598427 -2.748742580 -0.686313510 0.025530288 0.726857483 90.918228149
0.771196365 0.022912472 0.636184812 55.990455627 -0.003886037 0.999502897 -0.031286798 -2.757762909 -0.636585355 0.021656025 0.770901918 91.306472778
0.813656926 0.018153844 0.581062078 56.262027740 -0.004409774 0.999676406 -0.025057435 -2.765376091 -0.581328690 0.017825805 0.813473463 91.710281372
0.850251019 0.016012482 0.526134014 56.480983734 -0.007151898 0.999796271 -0.018870315 -2.777347803 -0.526328981 0.012281648 0.850192368 92.135032654
0.880937636 0.013087425 0.473051637 56.658817291 -0.008368320 0.999891996 -0.012079117 -2.784586668 -0.473158598 0.006682299 0.880951941 92.567703247
0.906487346 0.014131733 0.421996415 56.819549561 -0.012524312 0.999899924 -0.006581070 -2.799982786 -0.422047168 0.000680444 0.906573534 92.999382019
0.926135123 0.015507972 0.376873255 56.933761597 -0.015748091 0.999872983 -0.002444176 -2.822018385 -0.376863331 -0.003671396 0.926261604 93.411308289
0.941247821 0.020999055 0.337063253 57.051795959 -0.022235934 0.999752760 -0.000190890 -2.829478741 -0.336983860 -0.007315240 0.941482008 93.849746704
0.953058362 0.025223207 0.301734120 57.162117004 -0.026115844 0.999658406 -0.001075996 -2.833704233 -0.301658094 -0.006854553 0.953391492 94.310455322
0.962116897 0.027648779 0.271231830 57.264522552 -0.028375270 0.999596596 -0.001243590 -2.833170891 -0.271156728 -0.006499797 0.962513328 94.776412964
0.968089104 0.022338357 0.249608770 57.371070862 -0.022804176 0.999739528 -0.001025865 -2.840563059 -0.249566585 -0.004698991 0.968346238 95.242675781
0.972033024 0.019752385 0.234012201 57.479537964 -0.020306895 0.999793828 -0.000039926 -2.856184483 -0.233964652 -0.004713250 0.972233653 95.720695496
0.974900782 0.023643482 0.221380964 57.570957184 -0.024143420 0.999708414 -0.000447871 -2.860126734 -0.221326962 -0.004908262 0.975187302 96.218811035
0.976868570 0.029422147 0.211806923 57.657531738 -0.030226858 0.999542952 0.000561693 -2.866102219 -0.211693525 -0.006950957 0.977311373 96.734519958
0.978026271 0.035679907 0.205406621 57.758575439 -0.036115557 0.999346256 -0.001629138 -2.854302168 -0.205330476 -0.005825032 0.978675306 97.222908020
0.978355348 0.041506235 0.202726722 57.849105835 -0.041330338 0.999132514 -0.005102836 -2.862193346 -0.202762634 -0.003386376 0.979221940 97.740455627
0.978522956 0.043043826 0.201594085 57.958187103 -0.042340107 0.999072790 -0.007803601 -2.869842529 -0.201743022 -0.000899510 0.979438066 98.281326294
0.977955639 0.041976519 0.204550043 58.066520691 -0.040548764 0.999115229 -0.011168364 -2.884516954 -0.204837844 0.002627914 0.978792369 98.817703247
0.977206767 0.040459298 0.208398536 58.187301636 -0.037474293 0.999130905 -0.018253492 -2.883837461 -0.208955929 0.010027846 0.977873564 99.373809814
0.976428032 0.040178582 0.212070912 58.318061829 -0.036188316 0.999087989 -0.022665352 -2.894259691 -0.212788090 0.014456597 0.976991415 99.927528381
0.975284755 0.044649381 0.216393620 58.440032959 -0.040668476 0.998912156 -0.022817081 -2.900335789 -0.217176944 0.013452751 0.976039588 100.507286072
0.973785818 0.048116535 0.222319990 58.563034058 -0.045148421 0.998810649 -0.018416772 -2.920485020 -0.222941652 0.007896596 0.974799812 101.100914001
0.972850621 0.044827078 0.227051497 58.707702637 -0.042789016 0.998987556 -0.013892798 -2.933694363 -0.227444366 0.003800309 0.973783612 101.697074890
0.972136140 0.040734418 0.230850920 58.856548309 -0.039945453 0.999169171 -0.008092511 -2.951137304 -0.230988681 -0.001354418 0.972955465 102.319160461
0.971390843 0.038296875 0.234378308 59.011955261 -0.038608342 0.999249101 -0.003261104 -2.964308262 -0.234327242 -0.005881152 0.972140014 102.937179565
0.970843256 0.033548493 0.237355992 59.169994354 -0.033900764 0.999421775 -0.002598506 -2.973409891 -0.237305954 -0.005523809 0.971419215 103.574287415
0.970810771 0.030022999 0.237960607 59.326339722 -0.029437603 0.999548495 -0.006014073 -2.980342388 -0.238033742 -0.001166462 0.971256196 104.218788147
0.970982194 0.029413166 0.237335891 59.489173889 -0.027171250 0.999549985 -0.012712478 -2.994096041 -0.237602994 0.005894879 0.971344471 104.864173889
0.971146286 0.031727247 0.236364529 59.646430969 -0.027964026 0.999423504 -0.019257493 -3.009136438 -0.236839250 0.012092142 0.971473575 105.503456116
0.971761525 0.034487549 0.233431146 59.803977966 -0.029900312 0.999284506 -0.023162700 -3.018739700 -0.234062955 0.015528961 0.972097397 106.180259705
0.972298920 0.033385284 0.231344506 59.961391449 -0.029743237 0.999372900 -0.019213865 -3.027150154 -0.231840909 0.011800687 0.972682059 106.877441406
0.972685695 0.029123794 0.230291858 60.123420715 -0.027237138 0.999564350 -0.011367873 -3.049613476 -0.230522633 0.004784879 0.973055184 107.587646484
0.973311186 0.029620480 0.227569461 60.293792725 -0.029174458 0.999560177 -0.005324161 -3.067564964 -0.227627099 -0.001457152 0.973747313 108.310195923
0.973589778 0.033043832 0.225900620 60.451568604 -0.032459687 0.999453127 -0.006300742 -3.078259945 -0.225985304 -0.001198326 0.974129975 109.037216187
0.973917603 0.038452320 0.223619908 60.606731415 -0.036955491 0.999257743 -0.010876348 -3.091752529 -0.223872140 0.002328684 0.974615753 109.767021179
0.974742055 0.039434996 0.219824225 60.768714905 -0.036827654 0.999194384 -0.015947996 -3.104896545 -0.220276013 0.007449572 0.975409091 110.508163452
0.975667417 0.037980381 0.215941370 60.934886932 -0.034693353 0.999217510 -0.018993538 -3.117358208 -0.216493756 0.011039644 0.976221502 111.267662048
0.976644993 0.035717379 0.211869776 61.102447510 -0.032756504 0.999310672 -0.017469630 -3.133440256 -0.212347642 0.010121516 0.977141678 112.039443970
0.977447629 0.032313786 0.208691224 61.265937805 -0.029802371 0.999440670 -0.015168163 -3.156044483 -0.209064618 0.008606591 0.977863848 112.814201355
0.977874875 0.030981041 0.206883743 61.431438446 -0.029042304 0.999501169 -0.012402384 -3.173167706 -0.207164750 0.006119599 0.978286862 113.608062744
0.978200614 0.028095163 0.205752507 61.596603394 -0.026584413 0.999595523 -0.010103922 -3.187347889 -0.205953136 0.004413853 0.978551805 114.408843994
0.978415251 0.022709895 0.205397025 61.765998840 -0.021347873 0.999732971 -0.008845055 -3.204906464 -0.205543056 0.004269346 0.978638709 115.196769714
0.978546619 0.023482237 0.204683095 61.930160522 -0.022457793 0.999720931 -0.007326867 -3.218145132 -0.204797998 0.002572950 0.978800833 115.999595642
0.978331864 0.028858449 0.205022156 62.091014862 -0.027565207 0.999577999 -0.009161711 -3.234540462 -0.205200031 0.003311715 0.978714466 116.812606812
0.978016436 0.034626901 0.205632627 62.255626678 -0.032721788 0.999384344 -0.012659144 -3.248173714 -0.205944359 0.005652184 0.978547275 117.643852234
0.977459490 0.043262787 0.206643313 62.415004730 -0.041198485 0.999048829 -0.014284456 -3.260628700 -0.207064733 0.005449082 0.978312075 118.478797913
0.976558089 0.049133085 0.209571764 62.576309204 -0.047279742 0.998785734 -0.013847305 -3.278136730 -0.209997624 0.003614197 0.977695167 119.306686401
0.975783467 0.051622350 0.212560385 62.748027802 -0.050298557 0.998666525 -0.011634354 -3.303595543 -0.212877482 0.000661128 0.977078557 120.146133423
0.975254953 0.052095544 0.214857772 62.933364868 -0.050632454 0.998641491 -0.012311487 -3.326807499 -0.215207249 0.001128062 0.976567745 120.980278015
0.974910676 0.050479535 0.216796920 63.114234924 -0.048273593 0.998714507 -0.015462350 -3.339412212 -0.217298746 0.004608843 0.976094306 121.813278198
0.974878907 0.044385273 0.218268335 63.303787231 -0.042368583 0.999005198 -0.013913520 -3.361856461 -0.218668699 0.004316277 0.975789607 122.664939880
0.975179255 0.037904438 0.218148232 63.509746552 -0.035384886 0.999254465 -0.015446231 -3.388858318 -0.218571052 0.007343692 0.975793421 123.480453491
0.974901021 0.036893174 0.219560832 63.687629700 -0.034369443 0.999292016 -0.015304426 -3.413863182 -0.219970003 0.007374117 0.975478709 124.319297791
0.974346817 0.039505899 0.221557647 63.872215271 -0.037638277 0.999211550 -0.012646867 -3.432167053 -0.221882582 0.003983388 0.975065172 125.166900635
0.973920286 0.041666113 0.223032087 64.053924561 -0.041196343 0.999128282 -0.006760607 -3.452566147 -0.223119363 -0.002603813 0.974787593 126.011718750
0.973538101 0.045642029 0.223920524 64.234558105 -0.046220027 0.998927772 -0.002662232 -3.472747087 -0.223801926 -0.007757826 0.974603772 126.850509644
0.973326564 0.044732269 0.225021094 64.419807434 -0.043857653 0.998998284 -0.008886465 -3.494256258 -0.225193232 -0.001219465 0.974313319 127.668411255
0.973631203 0.040485561 0.224506751 64.613166809 -0.036139488 0.999071956 -0.023435630 -3.515646458 -0.225247204 0.014704101 0.974190652 128.477752686
